0.000000	22.000000	120.166031	27.100000
1.000000	72.000000	120.129982	27.100000
2.000000	122.000000	120.109108	27.100000
3.000000	172.000000	120.133774	27.100000
4.000000	222.000000	120.164139	27.100000
5.000000	272.000000	120.118599	27.100000
6.000000	322.000000	120.178368	27.100000
7.000000	372.000000	120.125237	27.100000
8.000000	422.000000	120.226753	27.100000
9.000000	472.000000	120.134727	27.100000
10.000000	522.000000	120.151802	27.100000
11.000000	572.000000	120.185959	27.100000
12.000000	622.000000	120.120491	27.100000
13.000000	672.000000	120.156548	27.100000
14.000000	722.000000	120.161293	27.100000
15.000000	772.000000	120.152748	27.100000
16.000000	822.000000	120.144211	27.100000
17.000000	872.000000	120.046486	27.100000
18.000000	922.000000	120.104362	27.100000
19.000000	972.000000	120.191650	27.100000
20.000000	1022.000000	120.213470	27.100000
21.000000	1072.000000	120.134727	27.100000
22.000000	1122.000000	120.193550	27.100000
23.000000	1172.000000	120.166985	27.100000
24.000000	1222.000000	120.156548	27.100000
25.000000	1272.000000	120.254272	27.100000
26.000000	1322.000000	120.184059	27.100000
27.000000	1372.000000	120.261856	27.100000
28.000000	1422.000000	120.165085	27.100000
29.000000	1472.000000	120.168877	27.100000
30.000000	1522.000000	120.148956	27.100000
31.000000	1572.000000	120.173622	27.100000
32.000000	1622.000000	120.213470	27.100000
33.000000	1672.000000	120.132828	27.100000
34.000000	1722.000000	120.146111	27.100000
35.000000	1772.000000	120.168877	27.100000
36.000000	1822.000000	120.162239	27.100000
37.000000	1872.000000	120.133774	27.100000
38.000000	1922.000000	120.231499	27.100000
39.000000	1972.000000	120.224861	27.100000
40.000000	2022.000000	120.185013	27.100000
41.000000	2072.000000	120.203987	27.100000
42.000000	2122.000000	120.192596	27.100000
43.000000	2172.000000	120.192596	27.100000
44.000000	2222.000000	120.200188	27.100000
45.000000	2272.000000	120.202087	27.100000
46.000000	2322.000000	120.172676	27.100000
47.000000	2372.000000	120.176468	27.100000
48.000000	2422.000000	120.224861	27.100000
49.000000	2472.000000	120.234344	27.100000
50.000000	2522.000000	120.236244	27.100000
51.000000	2572.000000	120.196396	27.100000
52.000000	2622.000000	120.195442	27.100000
53.000000	2672.000000	120.253319	27.100000
54.000000	2722.000000	120.175522	27.100000
55.000000	2772.000000	120.179314	27.100000
56.000000	2822.000000	120.188805	27.100000
57.000000	2872.000000	120.215370	27.100000
58.000000	2922.000000	120.190704	27.100000
59.000000	2972.000000	120.176468	27.100000
60.000000	3022.000000	120.142319	27.100000
61.000000	3072.000000	120.203033	27.100000
62.000000	3122.000000	120.207779	27.100000
63.000000	3172.000000	120.190704	27.100000
64.000000	3222.000000	120.197342	27.100000
65.000000	3272.000000	120.259010	27.100000
66.000000	3322.000000	120.163185	27.100000
67.000000	3372.000000	120.228653	27.100000
68.000000	3422.000000	120.221062	27.100000
69.000000	3472.000000	120.179314	27.100000
70.000000	3522.000000	120.246681	27.100000
71.000000	3572.000000	120.210625	27.100000
72.000000	3622.000000	120.252373	27.100000
73.000000	3672.000000	120.284630	27.100000
74.000000	3722.000000	120.177422	27.100000
75.000000	3772.000000	120.217270	27.100000
76.000000	3822.000000	120.195442	27.100000
77.000000	3872.000000	120.165085	27.100000
78.000000	3922.000000	120.210625	27.100000
79.000000	3972.000000	120.201141	27.100000
80.000000	4022.000000	120.111008	27.100000
81.000000	4072.000000	120.153702	27.100000
82.000000	4122.000000	120.214424	27.100000
83.000000	4172.000000	120.148010	27.100000
84.000000	4222.000000	120.279884	27.100000
85.000000	4272.000000	120.228653	27.100000
86.000000	4322.000000	120.204933	27.100000
87.000000	4372.000000	120.174576	27.100000
88.000000	4422.000000	120.214424	27.100000
89.000000	4472.000000	120.197342	27.100000
90.000000	4522.000000	120.203987	27.100000
91.000000	4572.000000	120.084442	27.100000
92.000000	4622.000000	120.173622	27.100000
93.000000	4672.000000	120.194496	27.100000
94.000000	4722.000000	120.206833	27.100000
95.000000	4772.000000	120.229599	27.100000
96.000000	4822.000000	120.252373	27.100000
97.000000	4872.000000	120.244781	27.100000
98.000000	4922.000000	120.177422	27.100000
99.000000	4972.000000	120.189751	27.100000
100.000000	5022.000000	120.273247	27.100000
101.000000	5072.000000	120.243835	27.100000
102.000000	5122.000000	120.221062	27.100000
103.000000	5172.000000	120.212524	27.100000
104.000000	5222.000000	120.215370	27.100000
105.000000	5273.000000	120.194496	27.100000
106.000000	5322.000000	120.246681	27.100000
107.000000	5373.000000	120.157494	27.100000
108.000000	5422.000000	120.260910	27.100000
109.000000	5472.000000	120.125237	27.100000
110.000000	5522.000000	120.208725	27.100000
111.000000	5572.000000	120.185959	27.100000
112.000000	5622.000000	120.188805	27.100000
113.000000	5673.000000	120.293167	27.100000
114.000000	5722.000000	120.231499	27.100000
115.000000	5772.000000	120.303604	27.100000
116.000000	5822.000000	120.138519	27.100000
117.000000	5872.000000	120.224861	27.100000
118.000000	5922.000000	120.235291	27.100000
119.000000	5972.000000	120.236244	27.100000
120.000000	6022.000000	120.231499	27.100000
121.000000	6072.000000	120.231499	27.100000
122.000000	6122.000000	120.206833	27.100000
123.000000	6172.000000	120.235291	27.100000
124.000000	6222.000000	120.178368	27.100000
125.000000	6272.000000	120.248573	27.100000
126.000000	6322.000000	120.222961	27.100000
127.000000	6372.000000	120.218216	27.100000
128.000000	6422.000000	120.172676	27.100000
129.000000	6472.000000	120.248573	27.100000
130.000000	6522.000000	120.196396	27.100000
131.000000	6572.000000	120.239090	27.100000
132.000000	6622.000000	120.277039	27.100000
133.000000	6672.000000	120.222961	27.100000
134.000000	6722.000000	120.217270	27.100000
135.000000	6772.000000	120.169830	27.100000
136.000000	6822.000000	120.260910	27.100000
137.000000	6872.000000	120.240990	27.100000
138.000000	6922.000000	120.183113	27.100000
139.000000	6972.000000	120.222961	27.100000
140.000000	7022.000000	120.251427	27.100000
141.000000	7072.000000	120.126183	27.100000
142.000000	7122.000000	120.222961	27.100000
143.000000	7172.000000	120.253319	27.100000
144.000000	7222.000000	120.301704	27.100000
145.000000	7272.000000	120.308350	27.100000
146.000000	7322.000000	120.203033	27.100000
147.000000	7372.000000	120.250473	27.100000
148.000000	7422.000000	120.255219	27.100000
149.000000	7472.000000	120.180267	27.100000
150.000000	7522.000000	120.222961	27.100000
151.000000	7572.000000	120.269447	27.100000
152.000000	7622.000000	120.195442	27.100000
153.000000	7672.000000	120.259010	27.100000
154.000000	7722.000000	120.222008	27.100000
155.000000	7772.000000	120.211578	27.100000
156.000000	7822.000000	120.267555	27.100000
157.000000	7872.000000	120.260910	27.100000
158.000000	7922.000000	120.197342	27.100000
159.000000	7972.000000	120.247627	27.100000
160.000000	8022.000000	120.194496	27.100000
161.000000	8072.000000	120.253319	27.100000
162.000000	8122.000000	120.265656	27.100000
163.000000	8172.000000	120.219162	27.100000
164.000000	8222.000000	120.238144	27.100000
165.000000	8272.000000	120.222961	27.100000
166.000000	8322.000000	120.235291	27.100000
167.000000	8372.000000	120.219162	27.100000
168.000000	8422.000000	120.240990	27.100000
169.000000	8472.000000	120.195442	27.100000
170.000000	8522.000000	120.149902	27.100000
171.000000	8572.000000	120.226753	27.100000
172.000000	8622.000000	120.305504	27.100000
173.000000	8672.000000	120.254272	27.100000
174.000000	8722.000000	120.261856	27.100000
175.000000	8772.000000	120.200188	27.100000
176.000000	8822.000000	120.203033	27.100000
177.000000	8872.000000	120.302658	27.100000
178.000000	8922.000000	120.218216	27.100000
179.000000	8972.000000	120.277992	27.100000
180.000000	9022.000000	120.225807	27.100000
181.000000	9072.000000	120.244781	27.100000
182.000000	9122.000000	120.227707	27.100000
183.000000	9172.000000	120.210625	27.100000
184.000000	9222.000000	120.222008	27.100000
185.000000	9272.000000	120.251427	27.100000
186.000000	9322.000000	120.170776	27.100000
187.000000	9372.000000	120.250473	27.100000
188.000000	9422.000000	120.213470	27.100000
189.000000	9472.000000	120.185013	27.100000
190.000000	9522.000000	120.264709	27.100000
191.000000	9572.000000	120.188805	27.100000
192.000000	9622.000000	120.247627	27.100000
193.000000	9672.000000	120.253319	27.100000
194.000000	9722.000000	120.223907	27.100000
195.000000	9772.000000	120.181213	27.100000
196.000000	9822.000000	120.183113	27.100000
197.000000	9872.000000	120.242882	27.100000
198.000000	9922.000000	120.157494	27.100000
199.000000	9972.000000	120.259964	27.100000
200.000000	10022.000000	120.209679	27.100000
201.000000	10072.000000	120.299812	27.100000
202.000000	10122.000000	120.340607	27.100000
203.000000	10172.000000	120.845352	27.100000
204.000000	10222.000000	121.134727	27.100000
205.000000	10272.000000	121.482925	27.100000
206.000000	10322.000000	121.796013	27.100000
207.000000	10372.000000	122.106262	27.100000
208.000000	10422.000000	122.334915	27.100000
209.000000	10472.000000	122.533203	27.100000
210.000000	10522.000000	122.814987	27.100000
211.000000	10572.000000	123.039848	27.100000
212.000000	10622.000000	123.165085	27.100000
213.000000	10672.000000	123.114799	27.100000
214.000000	10722.000000	123.082542	27.100000
215.000000	10772.000000	123.136620	27.100000
216.000000	10822.000000	123.009491	27.100000
217.000000	10872.000000	123.034157	27.100000
218.000000	10922.000000	123.055031	27.100000
219.000000	10972.000000	123.011383	27.100000
220.000000	11022.000000	122.988617	27.100000
221.000000	11072.000000	123.050285	27.100000
222.000000	11122.000000	123.036057	27.100000
223.000000	11172.000000	123.341553	27.100000
224.000000	11222.000000	123.555031	27.100000
225.000000	11272.000000	123.716316	27.100000
226.000000	11322.000000	123.912712	27.100000
227.000000	11372.000000	124.114799	27.100000
228.000000	11422.000000	124.387100	27.100000
229.000000	11472.000000	124.472488	27.100000
230.000000	11522.000000	124.630928	27.100000
231.000000	11572.000000	124.829224	27.100000
232.000000	11622.000000	124.936432	27.100000
233.000000	11672.000000	124.912712	27.100000
234.000000	11722.000000	124.866226	27.100000
235.000000	11772.000000	124.740036	27.100000
236.000000	11822.000000	124.722961	27.100000
237.000000	11872.000000	124.746681	27.100000
238.000000	11922.000000	124.662239	27.100000
239.000000	11972.000000	124.618599	27.100000
240.000000	12022.000000	124.665085	27.100000
241.000000	12072.000000	124.586334	27.100000
242.000000	12122.000000	124.549339	27.100000
243.000000	12172.000000	124.682159	27.100000
244.000000	12222.000000	124.560722	27.100000
245.000000	12272.000000	124.526566	27.100000
246.000000	12322.000000	124.566414	27.100000
247.000000	12372.000000	124.613853	27.100000
248.000000	12422.000000	124.548386	27.100000
249.000000	12472.000000	124.507591	27.100000
250.000000	12522.000000	124.477226	27.100000
251.000000	12572.000000	124.446869	27.100000
252.000000	12622.000000	124.459206	27.100000
253.000000	12672.000000	124.464897	27.100000
254.000000	12722.000000	124.492409	27.100000
255.000000	12772.000000	124.457306	27.100000
256.000000	12822.000000	124.448769	27.100000
257.000000	12872.000000	124.413666	27.100000
258.000000	12922.000000	124.536057	27.100000
259.000000	12972.000000	124.388046	27.100000
260.000000	13022.000000	124.406075	27.100000
261.000000	13072.000000	124.423149	27.100000
262.000000	13122.000000	124.446869	27.100000
263.000000	13172.000000	124.432640	27.100000
264.000000	13222.000000	124.377609	27.100000
265.000000	13272.000000	124.379509	27.100000
266.000000	13322.000000	124.358635	27.100000
267.000000	13372.000000	124.397530	27.100000
268.000000	13422.000000	124.351044	27.100000
269.000000	13472.000000	124.384247	27.100000
270.000000	13522.000000	124.286530	27.100000
271.000000	13572.000000	124.332069	27.100000
272.000000	13622.000000	124.287476	27.100000
273.000000	13672.000000	124.248573	27.100000
274.000000	13722.000000	124.307404	27.100000
275.000000	13772.000000	124.288422	27.100000
276.000000	13822.000000	124.342506	27.100000
277.000000	13872.000000	124.310249	27.100000
278.000000	13922.000000	124.228653	27.100000
279.000000	13972.000000	124.241936	27.100000
280.000000	14022.000000	124.233398	27.100000
281.000000	14072.000000	124.226753	27.100000
282.000000	14122.000000	124.244781	27.100000
283.000000	14172.000000	124.257118	27.100000
284.000000	14222.000000	124.180267	27.100000
285.000000	14272.000000	124.222961	27.100000
286.000000	14322.000000	124.238144	27.100000
287.000000	14372.000000	124.255219	27.100000
288.000000	14422.000000	124.252373	27.100000
289.000000	14472.000000	124.256165	27.100000
290.000000	14522.000000	124.186905	27.100000
291.000000	14572.000000	124.245728	27.100000
292.000000	14622.000000	124.179314	27.100000
293.000000	14672.000000	124.209679	27.100000
294.000000	14722.000000	124.249527	27.100000
295.000000	14772.000000	124.262810	27.100000
296.000000	14822.000000	124.203033	27.100000
297.000000	14872.000000	124.175522	27.100000
298.000000	14922.000000	124.101517	27.100000
299.000000	14972.000000	124.150856	27.100000
300.000000	15022.000000	124.131882	27.100000
301.000000	15072.000000	124.152748	27.100000
302.000000	15122.000000	124.112900	27.100000
303.000000	15172.000000	124.148010	27.100000
304.000000	15222.000000	124.092979	27.100000
305.000000	15272.000000	124.158447	27.100000
306.000000	15322.000000	124.099617	27.100000
307.000000	15372.000000	124.121445	27.100000
308.000000	15422.000000	124.139465	27.100000
309.000000	15472.000000	124.139465	27.100000
310.000000	15522.000000	124.167931	27.100000
311.000000	15572.000000	124.115753	27.100000
312.000000	15622.000000	124.107208	27.100000
313.000000	15672.000000	124.105316	27.100000
314.000000	15722.000000	124.120491	27.100000
315.000000	15772.000000	124.087288	27.100000
316.000000	15822.000000	124.085388	27.100000
317.000000	15872.000000	124.049339	27.100000
318.000000	15922.000000	124.103416	27.100000
319.000000	15972.000000	123.967743	27.100000
320.000000	16022.000000	124.120491	27.100000
321.000000	16072.000000	124.077797	27.100000
322.000000	16122.000000	124.042694	27.100000
323.000000	16172.000000	124.038902	27.100000
324.000000	16222.000000	124.058823	27.100000
325.000000	16272.000000	124.096771	27.100000
326.000000	16322.000000	124.066414	27.100000
327.000000	16372.000000	123.996208	27.100000
328.000000	16422.000000	124.069260	27.100000
329.000000	16472.000000	123.977226	27.100000
330.000000	16522.000000	124.013283	27.100000
331.000000	16572.000000	123.980080	27.100000
332.000000	16622.000000	124.048386	27.100000
333.000000	16672.000000	124.027512	27.100000
334.000000	16722.000000	124.031311	27.100000
335.000000	16772.000000	124.069260	27.100000
336.000000	16822.000000	123.933586	27.100000
337.000000	16872.000000	124.068314	27.100000
338.000000	16922.000000	123.961098	27.100000
339.000000	16972.000000	124.069260	27.100000
340.000000	17022.000000	124.031311	27.100000
341.000000	17072.000000	123.998100	27.100000
342.000000	17122.000000	123.941177	27.100000
343.000000	17172.000000	123.990509	27.100000
344.000000	17223.000000	123.970589	27.100000
345.000000	17272.000000	124.014229	27.100000
346.000000	17322.000000	123.960152	27.100000
347.000000	17372.000000	123.907967	27.100000
348.000000	17422.000000	123.984818	27.100000
349.000000	17472.000000	123.968689	27.100000
350.000000	17522.000000	123.936432	27.100000
351.000000	17572.000000	123.996208	27.100000
352.000000	17622.000000	124.014229	27.100000
353.000000	17672.000000	124.021820	27.100000
354.000000	17722.000000	123.993362	27.100000
355.000000	17772.000000	123.977226	27.100000
356.000000	17822.000000	123.905121	27.100000
357.000000	17872.000000	123.982925	27.100000
358.000000	17922.000000	123.891838	27.100000
359.000000	17972.000000	123.881401	27.100000
360.000000	18022.000000	123.924095	27.100000
361.000000	18072.000000	123.934532	27.100000
362.000000	18122.000000	123.981972	27.100000
363.000000	18172.000000	123.965843	27.100000
364.000000	18222.000000	123.981026	27.100000
365.000000	18272.000000	124.012337	27.100000
366.000000	18322.000000	123.910812	27.100000
367.000000	18372.000000	124.020874	27.100000
368.000000	18422.000000	123.878555	27.100000
369.000000	18472.000000	123.912712	27.100000
370.000000	18522.000000	123.899429	27.100000
371.000000	18572.000000	123.922203	27.100000
372.000000	18622.000000	123.891838	27.100000
373.000000	18672.000000	123.899429	27.100000
374.000000	18722.000000	123.863380	27.100000
375.000000	18772.000000	123.896584	27.100000
376.000000	18822.000000	123.905121	27.100000
377.000000	18872.000000	123.907967	27.100000
378.000000	18922.000000	123.890892	27.100000
379.000000	18972.000000	123.887100	27.100000
380.000000	19022.000000	123.905121	27.100000
381.000000	19072.000000	124.010437	27.100000
382.000000	19122.000000	123.890892	27.100000
383.000000	19172.000000	123.950661	27.100000
384.000000	19222.000000	123.865273	27.100000
385.000000	19272.000000	123.886147	27.100000
386.000000	19322.000000	123.929794	27.100000
387.000000	19372.000000	123.860535	27.100000
388.000000	19422.000000	123.838707	27.100000
389.000000	19472.000000	123.865273	27.100000
390.000000	19522.000000	123.840607	27.100000
391.000000	19572.000000	123.850098	27.100000
392.000000	19622.000000	123.814041	27.100000
393.000000	19672.000000	123.900383	27.100000
394.000000	19722.000000	123.852943	27.100000
395.000000	19772.000000	123.885201	27.100000
396.000000	19822.000000	123.775139	27.100000
397.000000	19872.000000	123.721062	27.100000
398.000000	19922.000000	123.849144	27.100000
399.000000	19972.000000	123.860535	27.100000
400.000000	20022.000000	123.855789	27.100000
401.000000	20072.000000	123.823532	27.100000
402.000000	20122.000000	123.848198	27.100000
403.000000	20172.000000	123.833969	27.100000
404.000000	20222.000000	123.811195	27.100000
405.000000	20272.000000	123.833969	27.100000
406.000000	20322.000000	123.794121	27.100000
407.000000	20372.000000	123.823532	27.100000
408.000000	20422.000000	123.796013	27.100000
409.000000	20472.000000	123.818787	27.100000
410.000000	20522.000000	123.784630	27.100000
411.000000	20572.000000	123.817841	27.100000
412.000000	20622.000000	123.779884	27.100000
413.000000	20672.000000	123.802658	27.100000
414.000000	20722.000000	123.855789	27.100000
415.000000	20772.000000	123.882355	27.100000
416.000000	20822.000000	123.821632	27.100000
417.000000	20872.000000	123.857681	27.100000
418.000000	20922.000000	123.885201	27.100000
419.000000	20972.000000	123.838707	27.100000
420.000000	21022.000000	123.827324	27.100000
421.000000	21072.000000	123.796013	27.100000
422.000000	21122.000000	123.812141	27.100000
423.000000	21172.000000	123.742882	27.100000
424.000000	21222.000000	123.790321	27.100000
425.000000	21272.000000	123.828270	27.100000
426.000000	21322.000000	123.813095	27.100000
427.000000	21372.000000	123.769447	27.100000
428.000000	21422.000000	123.824478	27.100000
429.000000	21472.000000	123.830170	27.100000
430.000000	21522.000000	123.725807	27.100000
431.000000	21572.000000	123.815941	27.100000
432.000000	21622.000000	123.738144	27.100000
433.000000	21672.000000	123.732445	27.100000
434.000000	21722.000000	123.749527	27.100000
435.000000	21772.000000	123.722008	27.100000
436.000000	21822.000000	123.751427	27.100000
437.000000	21872.000000	123.719162	27.100000
438.000000	21922.000000	123.732445	27.100000
439.000000	21972.000000	123.796013	27.100000
440.000000	22022.000000	123.731499	27.100000
441.000000	22072.000000	123.768501	27.100000
442.000000	22122.000000	123.791275	27.100000
443.000000	22172.000000	123.762810	27.100000
444.000000	22222.000000	123.754272	27.100000
445.000000	22272.000000	123.715370	27.100000
446.000000	22322.000000	123.796013	27.100000
447.000000	22372.000000	123.749527	27.100000
448.000000	22422.000000	123.751427	27.100000
449.000000	22472.000000	123.751427	27.100000
450.000000	22522.000000	123.692596	27.100000
451.000000	22572.000000	123.711578	27.100000
452.000000	22622.000000	123.700188	27.100000
453.000000	22672.000000	123.682159	27.100000
454.000000	22722.000000	123.713470	27.100000
455.000000	22772.000000	123.803604	27.100000
456.000000	22822.000000	123.721062	27.100000
457.000000	22872.000000	123.767555	27.100000
458.000000	22922.000000	123.717270	27.100000
459.000000	22972.000000	123.747627	27.100000
460.000000	23022.000000	123.658447	27.100000
461.000000	23072.000000	123.740036	27.100000
462.000000	23122.000000	123.807404	27.100000
463.000000	23172.000000	123.667931	27.100000
464.000000	23222.000000	123.695442	27.100000
465.000000	23272.000000	123.591080	27.100000
466.000000	23322.000000	123.738144	27.100000
467.000000	23372.000000	123.675522	27.100000
468.000000	23422.000000	123.681213	27.100000
469.000000	23472.000000	123.698296	27.100000
470.000000	23522.000000	123.729599	27.100000
471.000000	23572.000000	123.719162	27.100000
472.000000	23622.000000	123.674576	27.100000
473.000000	23672.000000	123.753319	27.100000
474.000000	23722.000000	123.706833	27.100000
475.000000	23772.000000	123.711578	27.100000
476.000000	23822.000000	123.634727	27.100000
477.000000	23872.000000	123.671730	27.100000
478.000000	23922.000000	123.636620	27.100000
479.000000	23972.000000	123.687859	27.100000
480.000000	24022.000000	123.682159	27.100000
481.000000	24072.000000	123.662239	27.100000
