0.000000	7.000000	120.144211	27.200000
1.000000	57.000000	120.231499	27.200000
2.000000	107.000000	120.230553	27.200000
3.000000	157.000000	120.160339	27.200000
4.000000	207.000000	120.183113	27.200000
5.000000	257.000000	120.255219	27.200000
6.000000	307.000000	120.199242	27.200000
7.000000	357.000000	120.238144	27.200000
8.000000	407.000000	120.236244	27.200000
9.000000	457.000000	120.291275	27.200000
10.000000	507.000000	120.314041	27.200000
11.000000	557.000000	120.258064	27.200000
12.000000	607.000000	120.235291	27.200000
13.000000	657.000000	120.215370	27.200000
14.000000	707.000000	120.226753	27.200000
15.000000	757.000000	120.208725	27.200000
16.000000	807.000000	120.211578	27.200000
17.000000	857.000000	120.259010	27.200000
18.000000	907.000000	120.259010	27.200000
19.000000	957.000000	120.234344	27.200000
20.000000	1007.000000	120.262810	27.200000
21.000000	1057.000000	120.258064	27.200000
22.000000	1107.000000	120.232445	27.200000
23.000000	1157.000000	120.248573	27.200000
24.000000	1207.000000	120.246681	27.200000
25.000000	1257.000000	120.246681	27.200000
26.000000	1307.000000	120.314987	27.200000
27.000000	1357.000000	120.212524	27.200000
28.000000	1407.000000	120.300758	27.200000
29.000000	1457.000000	120.267555	27.200000
30.000000	1507.000000	120.259964	27.200000
31.000000	1557.000000	120.262810	27.200000
32.000000	1607.000000	120.277992	27.200000
33.000000	1657.000000	120.244781	27.200000
34.000000	1707.000000	120.203033	27.200000
35.000000	1757.000000	120.226753	27.200000
36.000000	1807.000000	120.282730	27.200000
37.000000	1857.000000	120.252373	27.200000
38.000000	1907.000000	120.272293	27.200000
39.000000	1957.000000	120.253319	27.200000
40.000000	2007.000000	120.269447	27.200000
41.000000	2057.000000	120.231499	27.200000
42.000000	2107.000000	120.283684	27.200000
43.000000	2157.000000	120.292221	27.200000
44.000000	2207.000000	120.182159	27.200000
45.000000	2257.000000	120.294121	27.200000
46.000000	2307.000000	120.222008	27.200000
47.000000	2357.000000	120.248573	27.200000
48.000000	2407.000000	120.218216	27.200000
49.000000	2457.000000	120.251427	27.200000
50.000000	2507.000000	120.272293	27.200000
51.000000	2557.000000	120.321632	27.200000
52.000000	2607.000000	120.290321	27.200000
53.000000	2657.000000	120.310249	27.200000
54.000000	2707.000000	120.263756	27.200000
55.000000	2757.000000	120.292221	27.200000
56.000000	2807.000000	120.256165	27.200000
57.000000	2857.000000	120.259964	27.200000
58.000000	2907.000000	120.222008	27.200000
59.000000	2957.000000	120.284630	27.200000
60.000000	3007.000000	120.187859	27.200000
61.000000	3057.000000	120.254272	27.200000
62.000000	3107.000000	120.275139	27.200000
63.000000	3157.000000	120.244781	27.200000
64.000000	3207.000000	120.315941	27.200000
65.000000	3257.000000	120.280838	27.200000
66.000000	3307.000000	120.277039	27.200000
67.000000	3357.000000	120.260910	27.200000
68.000000	3407.000000	120.287476	27.200000
69.000000	3457.000000	120.279884	27.200000
70.000000	3507.000000	120.322578	27.200000
71.000000	3557.000000	120.338707	27.200000
72.000000	3607.000000	120.198296	27.200000
73.000000	3657.000000	120.166985	27.200000
74.000000	3707.000000	120.240036	27.200000
75.000000	3757.000000	120.265656	27.200000
76.000000	3807.000000	120.203033	27.200000
77.000000	3857.000000	120.241936	27.200000
78.000000	3907.000000	120.279884	27.200000
79.000000	3957.000000	120.273247	27.200000
80.000000	4007.000000	120.298859	27.200000
81.000000	4057.000000	120.289375	27.200000
82.000000	4107.000000	120.248573	27.200000
83.000000	4157.000000	120.273247	27.200000
84.000000	4207.000000	120.260910	27.200000
85.000000	4257.000000	120.276093	27.200000
86.000000	4307.000000	120.279884	27.200000
87.000000	4357.000000	120.283684	27.200000
88.000000	4407.000000	120.235291	27.200000
89.000000	4457.000000	120.233398	27.200000
90.000000	4507.000000	120.158447	27.200000
91.000000	4557.000000	120.305504	27.200000
92.000000	4607.000000	120.261856	27.200000
93.000000	4657.000000	120.249527	27.200000
94.000000	4707.000000	120.260910	27.200000
95.000000	4757.000000	120.307404	27.200000
96.000000	4807.000000	120.209679	27.200000
97.000000	4857.000000	120.272293	27.200000
98.000000	4907.000000	120.190704	27.200000
99.000000	4957.000000	120.182159	27.200000
100.000000	5007.000000	120.189751	27.200000
101.000000	5057.000000	120.286530	27.200000
102.000000	5107.000000	120.245728	27.200000
103.000000	5157.000000	120.302658	27.200000
104.000000	5207.000000	120.191650	27.200000
105.000000	5257.000000	120.227707	27.200000
106.000000	5307.000000	120.257118	27.200000
107.000000	5357.000000	120.271347	27.200000
108.000000	5407.000000	120.298859	27.200000
109.000000	5457.000000	120.301704	27.200000
110.000000	5507.000000	120.270401	27.200000
111.000000	5557.000000	120.322578	27.200000
112.000000	5607.000000	120.321632	27.200000
113.000000	5657.000000	120.277039	27.200000
114.000000	5707.000000	120.276093	27.200000
115.000000	5757.000000	120.251427	27.200000
116.000000	5807.000000	120.180267	27.200000
117.000000	5857.000000	120.318787	27.200000
118.000000	5907.000000	120.200188	27.200000
119.000000	5957.000000	120.311195	27.200000
120.000000	6007.000000	120.294121	27.200000
121.000000	6057.000000	120.299812	27.200000
122.000000	6107.000000	120.240036	27.200000
123.000000	6157.000000	120.336815	27.200000
124.000000	6207.000000	120.272293	27.200000
125.000000	6257.000000	120.320686	27.200000
126.000000	6307.000000	120.298859	27.200000
127.000000	6357.000000	120.333969	27.200000
128.000000	6407.000000	120.291275	27.200000
129.000000	6457.000000	120.285576	27.200000
130.000000	6507.000000	120.253319	27.200000
131.000000	6557.000000	120.239090	27.200000
132.000000	6607.000000	120.218216	27.200000
133.000000	6657.000000	120.268501	27.200000
134.000000	6707.000000	120.262810	27.200000
135.000000	6757.000000	120.277039	27.200000
136.000000	6807.000000	120.279884	27.200000
137.000000	6857.000000	120.280838	27.200000
138.000000	6907.000000	120.335861	27.200000
139.000000	6957.000000	120.283684	27.200000
140.000000	7007.000000	120.260910	27.200000
141.000000	7057.000000	120.303604	27.200000
142.000000	7107.000000	120.213470	27.200000
143.000000	7157.000000	120.279884	27.200000
144.000000	7207.000000	120.240036	27.200000
145.000000	7257.000000	120.324478	27.200000
146.000000	7307.000000	120.295067	27.200000
147.000000	7357.000000	120.289375	27.200000
148.000000	7407.000000	120.309296	27.200000
149.000000	7457.000000	120.359581	27.200000
150.000000	7507.000000	120.204933	27.200000
151.000000	7557.000000	120.348198	27.200000
152.000000	7607.000000	120.317841	27.200000
153.000000	7657.000000	120.324478	27.200000
154.000000	7707.000000	120.304558	27.200000
155.000000	7757.000000	120.271347	27.200000
156.000000	7807.000000	120.328270	27.200000
157.000000	7857.000000	120.359581	27.200000
158.000000	7907.000000	120.351990	27.200000
159.000000	7957.000000	120.317841	27.200000
160.000000	8007.000000	120.305504	27.200000
161.000000	8057.000000	120.317841	27.200000
162.000000	8107.000000	120.244781	27.200000
163.000000	8157.000000	120.322578	27.200000
164.000000	8207.000000	120.235291	27.200000
165.000000	8257.000000	120.283684	27.200000
166.000000	8307.000000	120.233398	27.200000
167.000000	8357.000000	120.287476	27.200000
168.000000	8407.000000	120.315941	27.200000
169.000000	8457.000000	120.273247	27.200000
170.000000	8507.000000	120.300758	27.200000
171.000000	8557.000000	120.351044	27.200000
172.000000	8607.000000	120.305504	27.200000
173.000000	8657.000000	120.361481	27.200000
174.000000	8707.000000	120.293167	27.200000
175.000000	8757.000000	120.353889	27.200000
176.000000	8807.000000	120.263756	27.200000
177.000000	8857.000000	120.351044	27.200000
178.000000	8907.000000	120.277039	27.200000
179.000000	8957.000000	120.268501	27.200000
180.000000	9007.000000	120.248573	27.200000
181.000000	9057.000000	120.334915	27.200000
182.000000	9107.000000	120.283684	27.200000
183.000000	9157.000000	120.369072	27.200000
184.000000	9207.000000	120.324478	27.200000
185.000000	9257.000000	120.345352	27.200000
186.000000	9307.000000	120.289375	27.200000
187.000000	9357.000000	120.366226	27.200000
188.000000	9407.000000	120.337761	27.200000
189.000000	9457.000000	120.313095	27.200000
190.000000	9507.000000	120.307404	27.200000
191.000000	9557.000000	120.349144	27.200000
192.000000	9607.000000	120.277992	27.200000
193.000000	9657.000000	120.318787	27.200000
194.000000	9707.000000	120.240036	27.200000
195.000000	9757.000000	120.268501	27.200000
196.000000	9807.000000	120.308350	27.200000
197.000000	9857.000000	120.305504	27.200000
198.000000	9907.000000	120.296013	27.200000
199.000000	9957.000000	120.406075	27.200000
200.000000	10007.000000	120.357681	27.200000
201.000000	10057.000000	120.347252	27.200000
202.000000	10107.000000	120.282730	27.200000
203.000000	10157.000000	120.359581	27.200000
204.000000	10208.000000	120.329224	27.200000
205.000000	10257.000000	120.344398	27.200000
206.000000	10307.000000	120.334915	27.200000
207.000000	10357.000000	120.329224	27.200000
208.000000	10407.000000	120.251427	27.200000
209.000000	10457.000000	120.333015	27.200000
210.000000	10507.000000	120.327324	27.200000
211.000000	10557.000000	120.323532	27.200000
212.000000	10607.000000	120.404175	27.200000
213.000000	10657.000000	120.348198	27.200000
214.000000	10707.000000	120.306450	27.200000
215.000000	10757.000000	120.340607	27.200000
216.000000	10807.000000	120.368118	27.200000
217.000000	10857.000000	120.410812	27.200000
218.000000	10907.000000	120.329224	27.200000
219.000000	10957.000000	120.319733	27.200000
220.000000	11007.000000	120.352943	27.200000
221.000000	11057.000000	120.298859	27.200000
222.000000	11107.000000	120.349144	27.200000
223.000000	11157.000000	120.804558	27.200000
224.000000	11207.000000	121.237190	27.200000
225.000000	11257.000000	121.596771	27.200000
226.000000	11307.000000	121.889946	27.200000
227.000000	11357.000000	122.188805	27.200000
228.000000	11407.000000	122.379509	27.200000
229.000000	11457.000000	122.663185	27.200000
230.000000	11507.000000	122.888992	27.200000
231.000000	11557.000000	123.172676	27.200000
232.000000	11607.000000	123.282730	27.200000
233.000000	11657.000000	123.315941	27.200000
234.000000	11707.000000	123.244781	27.200000
235.000000	11757.000000	123.183113	27.200000
236.000000	11807.000000	123.109108	27.200000
237.000000	11857.000000	123.166985	27.200000
238.000000	11907.000000	123.152748	27.200000
239.000000	11957.000000	123.154648	27.200000
240.000000	12007.000000	123.149902	27.200000
241.000000	12057.000000	123.066414	27.200000
242.000000	12107.000000	123.175522	27.200000
243.000000	12157.000000	123.388046	27.200000
244.000000	12207.000000	123.597725	27.200000
245.000000	12257.000000	123.880455	27.200000
246.000000	12307.000000	124.076851	27.200000
247.000000	12357.000000	124.235291	27.200000
248.000000	12407.000000	124.404175	27.200000
249.000000	12457.000000	124.611954	27.200000
250.000000	12507.000000	124.673622	27.200000
251.000000	12557.000000	124.893738	27.200000
252.000000	12607.000000	125.002846	27.200000
253.000000	12657.000000	124.926949	27.200000
254.000000	12707.000000	124.908920	27.200000
255.000000	12757.000000	124.886147	27.200000
256.000000	12807.000000	124.870018	27.200000
257.000000	12857.000000	124.897530	27.200000
258.000000	12907.000000	124.874763	27.200000
259.000000	12957.000000	124.770401	27.200000
260.000000	13007.000000	124.807404	27.200000
261.000000	13057.000000	124.782730	27.200000
262.000000	13107.000000	124.865273	27.200000
263.000000	13157.000000	124.937378	27.200000
264.000000	13207.000000	125.240990	27.200000
265.000000	13257.000000	125.423149	27.200000
266.000000	13307.000000	125.626183	27.200000
267.000000	13357.000000	125.801704	27.200000
268.000000	13407.000000	125.877609	27.200000
269.000000	13457.000000	125.969643	27.200000
270.000000	13507.000000	126.078751	27.200000
271.000000	13557.000000	126.258064	27.200000
272.000000	13607.000000	126.450661	27.200000
273.000000	13657.000000	126.331123	27.200000
274.000000	13707.000000	126.259010	27.200000
275.000000	13757.000000	126.166985	27.200000
276.000000	13807.000000	126.246681	27.200000
277.000000	13857.000000	126.188805	27.200000
278.000000	13907.000000	126.163185	27.200000
279.000000	13957.000000	126.148010	27.200000
280.000000	14007.000000	126.029411	27.200000
281.000000	14057.000000	126.011383	27.200000
282.000000	14107.000000	126.091080	27.200000
283.000000	14157.000000	125.952560	27.200000
284.000000	14207.000000	126.041748	27.200000
285.000000	14257.000000	125.962051	27.200000
286.000000	14307.000000	125.968689	27.200000
287.000000	14357.000000	125.968689	27.200000
288.000000	14407.000000	125.912712	27.200000
289.000000	14457.000000	125.892792	27.200000
290.000000	14507.000000	125.912712	27.200000
291.000000	14557.000000	125.858635	27.200000
292.000000	14607.000000	125.830170	27.200000
293.000000	14657.000000	125.818787	27.200000
294.000000	14707.000000	125.870018	27.200000
295.000000	14757.000000	125.878555	27.200000
296.000000	14807.000000	125.852943	27.200000
297.000000	14857.000000	125.752373	27.200000
298.000000	14907.000000	125.814987	27.200000
299.000000	14957.000000	125.751427	27.200000
300.000000	15007.000000	125.831123	27.200000
301.000000	15057.000000	125.768501	27.200000
302.000000	15107.000000	125.808350	27.200000
303.000000	15157.000000	125.730553	27.200000
304.000000	15207.000000	125.785576	27.200000
305.000000	15257.000000	125.689751	27.200000
306.000000	15307.000000	125.700188	27.200000
307.000000	15357.000000	125.772293	27.200000
308.000000	15407.000000	125.782730	27.200000
309.000000	15457.000000	125.730553	27.200000
310.000000	15507.000000	125.753319	27.200000
311.000000	15557.000000	125.731499	27.200000
312.000000	15607.000000	125.651802	27.200000
313.000000	15657.000000	125.670776	27.200000
314.000000	15707.000000	125.668877	27.200000
315.000000	15757.000000	125.656548	27.200000
316.000000	15807.000000	125.633774	27.200000
317.000000	15857.000000	125.661293	27.200000
318.000000	15907.000000	125.671730	27.200000
319.000000	15957.000000	125.696396	27.200000
320.000000	16007.000000	125.629036	27.200000
321.000000	16057.000000	125.613853	27.200000
322.000000	16107.000000	125.670776	27.200000
323.000000	16157.000000	125.575905	27.200000
324.000000	16207.000000	125.648010	27.200000
325.000000	16257.000000	125.569260	27.200000
326.000000	16307.000000	125.616699	27.200000
327.000000	16357.000000	125.546486	27.200000
328.000000	16407.000000	125.624290	27.200000
329.000000	16457.000000	125.520874	27.200000
330.000000	16507.000000	125.602470	27.200000
331.000000	16557.000000	125.521820	27.200000
332.000000	16607.000000	125.655602	27.200000
333.000000	16657.000000	125.564514	27.200000
334.000000	16707.000000	125.624290	27.200000
335.000000	16757.000000	125.527512	27.200000
336.000000	16807.000000	125.614799	27.200000
337.000000	16857.000000	125.562622	27.200000
338.000000	16907.000000	125.615753	27.200000
339.000000	16957.000000	125.570206	27.200000
340.000000	17007.000000	125.604362	27.200000
341.000000	17057.000000	125.537003	27.200000
342.000000	17107.000000	125.550285	27.200000
343.000000	17157.000000	125.481026	27.200000
344.000000	17207.000000	125.455406	27.200000
345.000000	17257.000000	125.443077	27.200000
346.000000	17307.000000	125.516129	27.200000
347.000000	17357.000000	125.454460	27.200000
348.000000	17407.000000	125.478180	27.200000
349.000000	17457.000000	125.418404	27.200000
350.000000	17507.000000	125.481026	27.200000
351.000000	17557.000000	125.463943	27.200000
352.000000	17607.000000	125.494308	27.200000
353.000000	17657.000000	125.456360	27.200000
354.000000	17707.000000	125.473434	27.200000
355.000000	17757.000000	125.436432	27.200000
356.000000	17807.000000	125.499054	27.200000
357.000000	17857.000000	125.388992	27.200000
358.000000	17907.000000	125.361481	27.200000
359.000000	17957.000000	125.393738	27.200000
360.000000	18007.000000	125.439278	27.200000
361.000000	18057.000000	125.378555	27.200000
362.000000	18107.000000	125.472488	27.200000
363.000000	18157.000000	125.355789	27.200000
364.000000	18207.000000	125.464897	27.200000
365.000000	18257.000000	125.355789	27.200000
366.000000	18307.000000	125.415558	27.200000
367.000000	18357.000000	125.310249	27.200000
368.000000	18407.000000	125.364326	27.200000
369.000000	18457.000000	125.397530	27.200000
370.000000	18507.000000	125.358635	27.200000
371.000000	18557.000000	125.282730	27.200000
372.000000	18607.000000	125.367172	27.200000
373.000000	18657.000000	125.324478	27.200000
374.000000	18707.000000	125.365273	27.200000
375.000000	18757.000000	125.279884	27.200000
376.000000	18807.000000	125.331123	27.200000
377.000000	18857.000000	125.381401	27.200000
378.000000	18907.000000	125.395638	27.200000
379.000000	18957.000000	125.264709	27.200000
380.000000	19007.000000	125.379509	27.200000
381.000000	19057.000000	125.339661	27.200000
382.000000	19107.000000	125.352943	27.200000
383.000000	19157.000000	125.297913	27.200000
384.000000	19207.000000	125.405121	27.200000
385.000000	19257.000000	125.262810	27.200000
386.000000	19307.000000	125.260910	27.200000
387.000000	19357.000000	125.304558	27.200000
388.000000	19407.000000	125.283684	27.200000
389.000000	19457.000000	125.261856	27.200000
390.000000	19507.000000	125.360535	27.200000
391.000000	19557.000000	125.277039	27.200000
392.000000	19607.000000	125.242882	27.200000
393.000000	19657.000000	125.298859	27.200000
394.000000	19707.000000	125.292221	27.200000
395.000000	19757.000000	125.343452	27.200000
396.000000	19807.000000	125.260910	27.200000
397.000000	19857.000000	125.219162	27.200000
398.000000	19907.000000	125.329224	27.200000
399.000000	19957.000000	125.239090	27.200000
400.000000	20007.000000	125.258064	27.200000
401.000000	20057.000000	125.257118	27.200000
402.000000	20107.000000	125.262810	27.200000
403.000000	20157.000000	125.166031	27.200000
404.000000	20207.000000	125.241936	27.200000
405.000000	20257.000000	125.222961	27.200000
406.000000	20307.000000	125.241936	27.200000
407.000000	20357.000000	125.222008	27.200000
408.000000	20407.000000	125.229599	27.200000
409.000000	20457.000000	125.209679	27.200000
410.000000	20507.000000	125.234344	27.200000
411.000000	20557.000000	125.211578	27.200000
412.000000	20607.000000	125.227707	27.200000
413.000000	20657.000000	125.263756	27.200000
414.000000	20707.000000	125.205879	27.200000
415.000000	20757.000000	125.220116	27.200000
416.000000	20807.000000	125.155602	27.200000
417.000000	20857.000000	125.218216	27.200000
418.000000	20907.000000	125.175522	27.200000
419.000000	20957.000000	125.173622	27.200000
420.000000	21007.000000	125.165085	27.200000
421.000000	21057.000000	125.154648	27.200000
422.000000	21107.000000	125.161293	27.200000
423.000000	21157.000000	125.175522	27.200000
424.000000	21207.000000	125.239090	27.200000
425.000000	21257.000000	125.172676	27.200000
426.000000	21307.000000	125.219162	27.200000
427.000000	21357.000000	125.217270	27.200000
428.000000	21407.000000	125.161293	27.200000
429.000000	21457.000000	125.111008	27.200000
430.000000	21507.000000	125.113853	27.200000
431.000000	21557.000000	125.166985	27.200000
432.000000	21607.000000	125.059769	27.200000
433.000000	21658.000000	125.166985	27.200000
434.000000	21707.000000	125.127136	27.200000
435.000000	21757.000000	125.121445	27.200000
436.000000	21807.000000	125.055977	27.200000
437.000000	21857.000000	125.138519	27.200000
438.000000	21907.000000	125.090134	27.200000
439.000000	21957.000000	125.060722	27.200000
440.000000	22007.000000	125.075905	27.200000
441.000000	22057.000000	125.108162	27.200000
442.000000	22107.000000	125.118599	27.200000
443.000000	22157.000000	125.123337	27.200000
444.000000	22207.000000	125.139465	27.200000
445.000000	22257.000000	125.092979	27.200000
446.000000	22307.000000	125.097725	27.200000
447.000000	22357.000000	125.065468	27.200000
448.000000	22407.000000	125.069260	27.200000
449.000000	22457.000000	125.018028	27.200000
450.000000	22507.000000	125.072105	27.200000
451.000000	22557.000000	125.060722	27.200000
452.000000	22607.000000	125.081596	27.200000
453.000000	22657.000000	125.064514	27.200000
454.000000	22707.000000	125.099617	27.200000
455.000000	22757.000000	125.058823	27.200000
456.000000	22807.000000	124.950661	27.200000
457.000000	22857.000000	125.023720	27.200000
458.000000	22907.000000	125.154648	27.200000
459.000000	22957.000000	125.123337	27.200000
460.000000	23007.000000	125.076851	27.200000
461.000000	23057.000000	125.073051	27.200000
462.000000	23107.000000	125.009491	27.200000
463.000000	23157.000000	125.012337	27.200000
464.000000	23207.000000	124.973434	27.200000
465.000000	23257.000000	125.032257	27.200000
466.000000	23307.000000	125.077797	27.200000
467.000000	23357.000000	125.074005	27.200000
468.000000	23407.000000	124.999054	27.200000
469.000000	23457.000000	125.056923	27.200000
470.000000	23507.000000	124.943077	27.200000
471.000000	23557.000000	125.024666	27.200000
472.000000	23607.000000	125.001900	27.200000
473.000000	23657.000000	125.090134	27.200000
474.000000	23707.000000	125.008537	27.200000
475.000000	23757.000000	125.022774	27.200000
476.000000	23807.000000	124.989563	27.200000
477.000000	23857.000000	125.030357	27.200000
478.000000	23907.000000	125.010437	27.200000
479.000000	23957.000000	124.985771	27.200000
480.000000	24007.000000	124.976280	27.200000
481.000000	24057.000000	125.061668	27.200000
