0.000000	9.000000	120.163185	27.100000
1.000000	58.000000	120.166985	27.100000
2.000000	108.000000	120.159393	27.100000
3.000000	158.000000	120.180267	27.100000
4.000000	208.000000	120.124290	27.100000
5.000000	258.000000	120.129036	27.100000
6.000000	309.000000	120.191650	27.100000
7.000000	358.000000	120.127136	27.100000
8.000000	408.000000	120.131882	27.100000
9.000000	458.000000	120.207779	27.100000
10.000000	508.000000	120.144211	27.100000
11.000000	558.000000	120.102470	27.100000
12.000000	608.000000	120.185013	27.100000
13.000000	659.000000	120.213470	27.100000
14.000000	709.000000	120.163185	27.100000
15.000000	759.000000	120.207779	27.100000
16.000000	809.000000	120.169830	27.100000
17.000000	858.000000	120.203987	27.100000
18.000000	909.000000	120.177422	27.100000
19.000000	958.000000	120.133774	27.100000
20.000000	1008.000000	120.125237	27.100000
21.000000	1059.000000	120.161293	27.100000
22.000000	1108.000000	120.135674	27.100000
23.000000	1158.000000	120.208725	27.100000
24.000000	1208.000000	120.168877	27.100000
25.000000	1258.000000	120.166985	27.100000
26.000000	1308.000000	120.139465	27.100000
27.000000	1359.000000	120.182159	27.100000
28.000000	1408.000000	120.202087	27.100000
29.000000	1458.000000	120.180267	27.100000
30.000000	1508.000000	120.166031	27.100000
31.000000	1558.000000	120.229599	27.100000
32.000000	1609.000000	120.178368	27.100000
33.000000	1658.000000	120.197342	27.100000
34.000000	1708.000000	120.155602	27.100000
35.000000	1759.000000	120.171730	27.100000
36.000000	1808.000000	120.081596	27.100000
37.000000	1858.000000	120.186905	27.100000
38.000000	1909.000000	120.118599	27.100000
39.000000	1959.000000	120.211578	27.100000
40.000000	2008.000000	120.171730	27.100000
41.000000	2058.000000	120.206833	27.100000
42.000000	2108.000000	120.234344	27.100000
43.000000	2158.000000	120.182159	27.100000
44.000000	2208.000000	120.145164	27.100000
45.000000	2258.000000	120.177422	27.100000
46.000000	2308.000000	120.201141	27.100000
47.000000	2359.000000	120.175522	27.100000
48.000000	2408.000000	120.175522	27.100000
49.000000	2458.000000	120.152748	27.100000
50.000000	2508.000000	120.122391	27.100000
51.000000	2558.000000	120.111954	27.100000
52.000000	2608.000000	120.223907	27.100000
53.000000	2658.000000	120.199242	27.100000
54.000000	2708.000000	120.137573	27.100000
55.000000	2758.000000	120.152748	27.100000
56.000000	2808.000000	120.229599	27.100000
57.000000	2858.000000	120.151802	27.100000
58.000000	2909.000000	120.233398	27.100000
59.000000	2958.000000	120.226753	27.100000
60.000000	3008.000000	120.196396	27.100000
61.000000	3058.000000	120.173622	27.100000
62.000000	3108.000000	120.165085	27.100000
63.000000	3158.000000	120.223907	27.100000
64.000000	3208.000000	120.195442	27.100000
65.000000	3259.000000	120.211578	27.100000
66.000000	3308.000000	120.221062	27.100000
67.000000	3359.000000	120.166031	27.100000
68.000000	3408.000000	120.124290	27.100000
69.000000	3458.000000	120.142319	27.100000
70.000000	3508.000000	120.129982	27.100000
71.000000	3558.000000	120.186905	27.100000
72.000000	3608.000000	120.165085	27.100000
73.000000	3658.000000	120.165085	27.100000
74.000000	3709.000000	120.228653	27.100000
75.000000	3758.000000	120.156548	27.100000
76.000000	3808.000000	120.187859	27.100000
77.000000	3858.000000	120.201141	27.100000
78.000000	3909.000000	120.179314	27.100000
79.000000	3958.000000	120.187859	27.100000
80.000000	4008.000000	120.145164	27.100000
81.000000	4058.000000	120.194496	27.100000
82.000000	4109.000000	120.134727	27.100000
83.000000	4159.000000	120.173622	27.100000
84.000000	4208.000000	120.208725	27.100000
85.000000	4258.000000	120.219162	27.100000
86.000000	4308.000000	120.155602	27.100000
87.000000	4358.000000	120.208725	27.100000
88.000000	4408.000000	120.225807	27.100000
89.000000	4458.000000	120.197342	27.100000
90.000000	4509.000000	120.234344	27.100000
91.000000	4558.000000	120.250473	27.100000
92.000000	4608.000000	120.166031	27.100000
93.000000	4658.000000	120.238144	27.100000
94.000000	4708.000000	120.213470	27.100000
95.000000	4759.000000	120.240990	27.100000
96.000000	4808.000000	120.166031	27.100000
97.000000	4858.000000	120.177422	27.100000
98.000000	4908.000000	120.173622	27.100000
99.000000	4959.000000	120.202087	27.100000
100.000000	5008.000000	120.192596	27.100000
101.000000	5059.000000	120.205879	27.100000
102.000000	5108.000000	120.140419	27.100000
103.000000	5159.000000	120.202087	27.100000
104.000000	5208.000000	120.198296	27.100000
105.000000	5259.000000	120.160339	27.100000
106.000000	5308.000000	120.151802	27.100000
107.000000	5358.000000	120.211578	27.100000
108.000000	5409.000000	120.111008	27.100000
109.000000	5458.000000	120.195442	27.100000
110.000000	5508.000000	120.116699	27.100000
111.000000	5558.000000	120.159393	27.100000
112.000000	5608.000000	120.164139	27.100000
113.000000	5659.000000	120.281784	27.100000
114.000000	5708.000000	120.188805	27.100000
115.000000	5759.000000	120.185959	27.100000
116.000000	5809.000000	120.190704	27.100000
117.000000	5858.000000	120.193550	27.100000
118.000000	5909.000000	120.229599	27.100000
119.000000	5958.000000	120.183113	27.100000
120.000000	6008.000000	120.196396	27.100000
121.000000	6059.000000	120.232445	27.100000
122.000000	6108.000000	120.192596	27.100000
123.000000	6158.000000	120.222961	27.100000
124.000000	6208.000000	120.194496	27.100000
125.000000	6259.000000	120.255219	27.100000
126.000000	6308.000000	120.184059	27.100000
127.000000	6358.000000	120.179314	27.100000
128.000000	6409.000000	120.236244	27.100000
129.000000	6458.000000	120.229599	27.100000
130.000000	6509.000000	120.193550	27.100000
131.000000	6558.000000	120.182159	27.100000
132.000000	6608.000000	120.157494	27.100000
133.000000	6659.000000	120.216316	27.100000
134.000000	6708.000000	120.275139	27.100000
135.000000	6758.000000	120.280838	27.100000
136.000000	6808.000000	120.237190	27.100000
137.000000	6859.000000	120.265656	27.100000
138.000000	6908.000000	120.228653	27.100000
139.000000	6959.000000	120.238144	27.100000
140.000000	7008.000000	120.234344	27.100000
141.000000	7059.000000	120.246681	27.100000
142.000000	7109.000000	120.210625	27.100000
143.000000	7158.000000	120.216316	27.100000
144.000000	7208.000000	120.180267	27.100000
145.000000	7259.000000	120.218216	27.100000
146.000000	7308.000000	120.222008	27.100000
147.000000	7359.000000	120.259964	27.100000
148.000000	7409.000000	120.179314	27.100000
149.000000	7459.000000	120.195442	27.100000
150.000000	7508.000000	120.206833	27.100000
151.000000	7559.000000	120.302658	27.100000
152.000000	7608.000000	120.320686	27.100000
153.000000	7658.000000	120.241936	27.100000
154.000000	7708.000000	120.229599	27.100000
155.000000	7758.000000	120.259964	27.100000
156.000000	7809.000000	120.217270	27.100000
157.000000	7858.000000	120.276093	27.100000
158.000000	7908.000000	120.222961	27.100000
159.000000	7958.000000	120.199242	27.100000
160.000000	8008.000000	120.252373	27.100000
161.000000	8058.000000	120.239090	27.100000
162.000000	8108.000000	120.286530	27.100000
163.000000	8158.000000	120.244781	27.100000
164.000000	8208.000000	120.245728	27.100000
165.000000	8258.000000	120.240990	27.100000
166.000000	8308.000000	120.212524	27.100000
167.000000	8359.000000	120.203987	27.100000
168.000000	8408.000000	120.228653	27.100000
169.000000	8458.000000	120.271347	27.100000
170.000000	8508.000000	120.257118	27.100000
171.000000	8558.000000	120.259010	27.100000
172.000000	8608.000000	120.215370	27.100000
173.000000	8658.000000	120.284630	27.100000
174.000000	8708.000000	120.255219	27.100000
175.000000	8758.000000	120.227707	27.100000
176.000000	8808.000000	120.335861	27.100000
177.000000	8859.000000	120.314041	27.100000
178.000000	8908.000000	120.246681	27.100000
179.000000	8958.000000	120.210625	27.100000
180.000000	9008.000000	120.253319	27.100000
181.000000	9058.000000	120.354836	27.100000
182.000000	9109.000000	120.295067	27.100000
183.000000	9158.000000	120.260910	27.100000
184.000000	9208.000000	120.274193	27.100000
185.000000	9258.000000	120.233398	27.100000
186.000000	9308.000000	120.238144	27.100000
187.000000	9359.000000	120.259964	27.100000
188.000000	9408.000000	120.188805	27.100000
189.000000	9458.000000	120.222961	27.100000
190.000000	9508.000000	120.274193	27.100000
191.000000	9558.000000	120.269447	27.100000
192.000000	9608.000000	120.254272	27.100000
193.000000	9659.000000	120.302658	27.100000
194.000000	9709.000000	120.277039	27.100000
195.000000	9758.000000	120.226753	27.100000
196.000000	9808.000000	120.222961	27.100000
197.000000	9859.000000	120.240036	27.100000
198.000000	9908.000000	120.239090	27.100000
199.000000	9958.000000	120.224861	27.100000
200.000000	10008.000000	120.227707	27.100000
201.000000	10058.000000	120.243835	27.100000
202.000000	10109.000000	120.197342	27.100000
203.000000	10158.000000	120.219162	27.100000
204.000000	10209.000000	120.275139	27.100000
205.000000	10258.000000	120.200188	27.100000
206.000000	10309.000000	120.299812	27.100000
207.000000	10358.000000	120.181213	27.100000
208.000000	10409.000000	120.261856	27.100000
209.000000	10458.000000	120.275139	27.100000
210.000000	10508.000000	120.203033	27.100000
211.000000	10558.000000	120.259010	27.100000
212.000000	10608.000000	120.239090	27.100000
213.000000	10658.000000	120.238144	27.100000
214.000000	10708.000000	120.210625	27.100000
215.000000	10758.000000	120.241936	27.100000
216.000000	10808.000000	120.229599	27.100000
217.000000	10859.000000	120.236244	27.100000
218.000000	10908.000000	120.181213	27.100000
219.000000	10958.000000	120.236244	27.100000
220.000000	11008.000000	120.233398	27.100000
221.000000	11058.000000	120.222008	27.100000
222.000000	11108.000000	120.330170	27.100000
223.000000	11159.000000	120.856735	27.100000
224.000000	11208.000000	121.257118	27.100000
225.000000	11258.000000	121.548386	27.100000
226.000000	11308.000000	121.851044	27.100000
227.000000	11358.000000	122.154648	27.100000
228.000000	11409.000000	122.397530	27.100000
229.000000	11458.000000	122.620491	27.100000
230.000000	11508.000000	122.811195	27.100000
231.000000	11558.000000	123.018028	27.100000
232.000000	11608.000000	123.190704	27.100000
233.000000	11659.000000	123.219162	27.100000
234.000000	11708.000000	123.140419	27.100000
235.000000	11759.000000	123.098671	27.100000
236.000000	11808.000000	123.121445	27.100000
237.000000	11858.000000	123.121445	27.100000
238.000000	11908.000000	123.008537	27.100000
239.000000	11958.000000	123.058823	27.100000
240.000000	12008.000000	122.985771	27.100000
241.000000	12058.000000	123.040794	27.100000
242.000000	12109.000000	123.174576	27.100000
243.000000	12158.000000	123.413666	27.100000
244.000000	12209.000000	123.527512	27.100000
245.000000	12258.000000	123.863380	27.100000
246.000000	12308.000000	124.037003	27.100000
247.000000	12358.000000	124.223907	27.100000
248.000000	12408.000000	124.335861	27.100000
249.000000	12458.000000	124.560722	27.100000
250.000000	12508.000000	124.705879	27.100000
251.000000	12559.000000	124.881401	27.100000
252.000000	12609.000000	124.974380	27.100000
253.000000	12659.000000	124.943077	27.100000
254.000000	12708.000000	124.931686	27.100000
255.000000	12758.000000	124.899429	27.100000
256.000000	12809.000000	124.832069	27.100000
257.000000	12858.000000	124.858635	27.100000
258.000000	12908.000000	124.685959	27.100000
259.000000	12958.000000	124.827324	27.100000
260.000000	13008.000000	124.696396	27.100000
261.000000	13058.000000	124.747627	27.100000
262.000000	13108.000000	124.692596	27.100000
263.000000	13158.000000	124.636620	27.100000
264.000000	13208.000000	124.659393	27.100000
265.000000	13259.000000	124.682159	27.100000
266.000000	13308.000000	124.660339	27.100000
267.000000	13358.000000	124.666985	27.100000
268.000000	13409.000000	124.645164	27.100000
269.000000	13458.000000	124.641365	27.100000
270.000000	13509.000000	124.557877	27.100000
271.000000	13558.000000	124.650856	27.100000
272.000000	13609.000000	124.525620	27.100000
273.000000	13658.000000	124.602470	27.100000
274.000000	13708.000000	124.448769	27.100000
275.000000	13758.000000	124.527512	27.100000
276.000000	13808.000000	124.496208	27.100000
277.000000	13858.000000	124.535103	27.100000
278.000000	13908.000000	124.471535	27.100000
279.000000	13959.000000	124.562622	27.100000
280.000000	14009.000000	124.515182	27.100000
281.000000	14058.000000	124.475334	27.100000
282.000000	14108.000000	124.518974	27.100000
283.000000	14159.000000	124.443077	27.100000
284.000000	14208.000000	124.489563	27.100000
285.000000	14259.000000	124.425049	27.100000
286.000000	14308.000000	124.453514	27.100000
287.000000	14358.000000	124.442123	27.100000
288.000000	14409.000000	124.497154	27.100000
289.000000	14459.000000	124.395638	27.100000
290.000000	14508.000000	124.351044	27.100000
291.000000	14558.000000	124.433586	27.100000
292.000000	14609.000000	124.413666	27.100000
293.000000	14658.000000	124.380455	27.100000
294.000000	14708.000000	124.384247	27.100000
295.000000	14758.000000	124.355789	27.100000
296.000000	14808.000000	124.341553	27.100000
297.000000	14859.000000	124.388046	27.100000
298.000000	14908.000000	124.421249	27.100000
299.000000	14958.000000	124.368118	27.100000
300.000000	15008.000000	124.352943	27.100000
301.000000	15059.000000	124.317841	27.100000
302.000000	15108.000000	124.375710	27.100000
303.000000	15158.000000	124.356735	27.100000
304.000000	15209.000000	124.281784	27.100000
305.000000	15258.000000	124.300758	27.100000
306.000000	15308.000000	124.300758	27.100000
307.000000	15358.000000	124.270401	27.100000
308.000000	15408.000000	124.249527	27.100000
309.000000	15459.000000	124.272293	27.100000
310.000000	15508.000000	124.303604	27.100000
311.000000	15558.000000	124.331123	27.100000
312.000000	15608.000000	124.277039	27.100000
313.000000	15658.000000	124.291275	27.100000
314.000000	15709.000000	124.259964	27.100000
315.000000	15758.000000	124.299812	27.100000
316.000000	15808.000000	124.348198	27.100000
317.000000	15858.000000	124.233398	27.100000
318.000000	15908.000000	124.248573	27.100000
319.000000	15958.000000	124.297913	27.100000
320.000000	16009.000000	124.176468	27.100000
321.000000	16058.000000	124.252373	27.100000
322.000000	16108.000000	124.256165	27.100000
323.000000	16158.000000	124.291275	27.100000
324.000000	16208.000000	124.237190	27.100000
325.000000	16258.000000	124.300758	27.100000
326.000000	16308.000000	124.264709	27.100000
327.000000	16358.000000	124.212524	27.100000
328.000000	16408.000000	124.230553	27.100000
329.000000	16459.000000	124.239090	27.100000
330.000000	16508.000000	124.178368	27.100000
331.000000	16558.000000	124.217270	27.100000
332.000000	16608.000000	124.172676	27.100000
333.000000	16658.000000	124.161293	27.100000
334.000000	16708.000000	124.146111	27.100000
335.000000	16758.000000	124.155602	27.100000
336.000000	16808.000000	124.192596	27.100000
337.000000	16858.000000	124.189751	27.100000
338.000000	16908.000000	124.218216	27.100000
339.000000	16958.000000	124.193550	27.100000
340.000000	17008.000000	124.171730	27.100000
341.000000	17058.000000	124.199242	27.100000
342.000000	17108.000000	124.149902	27.100000
343.000000	17158.000000	124.121445	27.100000
344.000000	17208.000000	124.154648	27.100000
345.000000	17258.000000	124.083488	27.100000
346.000000	17308.000000	124.158447	27.100000
347.000000	17358.000000	124.133774	27.100000
348.000000	17408.000000	124.175522	27.100000
349.000000	17458.000000	124.115753	27.100000
350.000000	17508.000000	124.119545	27.100000
351.000000	17558.000000	124.138519	27.100000
352.000000	17608.000000	124.147057	27.100000
353.000000	17658.000000	124.166985	27.100000
354.000000	17709.000000	124.111008	27.100000
355.000000	17758.000000	124.112900	27.100000
356.000000	17809.000000	124.148010	27.100000
357.000000	17858.000000	124.174576	27.100000
358.000000	17908.000000	124.071159	27.100000
359.000000	17958.000000	124.122391	27.100000
360.000000	18008.000000	124.151802	27.100000
361.000000	18058.000000	124.160339	27.100000
362.000000	18108.000000	124.129982	27.100000
363.000000	18159.000000	124.109108	27.100000
364.000000	18208.000000	124.063568	27.100000
365.000000	18258.000000	124.023720	27.100000
366.000000	18308.000000	124.085388	27.100000
367.000000	18358.000000	124.040794	27.100000
368.000000	18408.000000	124.092033	27.100000
369.000000	18458.000000	124.146111	27.100000
370.000000	18508.000000	123.995255	27.100000
371.000000	18558.000000	124.086334	27.100000
372.000000	18608.000000	124.099617	27.100000
373.000000	18659.000000	124.059769	27.100000
374.000000	18708.000000	124.096771	27.100000
375.000000	18758.000000	124.058823	27.100000
376.000000	18809.000000	124.051231	27.100000
377.000000	18859.000000	124.092033	27.100000
378.000000	18908.000000	124.051231	27.100000
379.000000	18958.000000	124.035103	27.100000
380.000000	19009.000000	124.067360	27.100000
381.000000	19059.000000	123.984818	27.100000
382.000000	19108.000000	124.049339	27.100000
383.000000	19158.000000	124.036057	27.100000
384.000000	19208.000000	123.971535	27.100000
385.000000	19258.000000	124.017075	27.100000
386.000000	19308.000000	124.003792	27.100000
387.000000	19358.000000	124.033203	27.100000
388.000000	19408.000000	124.032257	27.100000
389.000000	19459.000000	124.047440	27.100000
390.000000	19508.000000	124.044594	27.100000
391.000000	19558.000000	123.981026	27.100000
392.000000	19608.000000	123.979126	27.100000
393.000000	19658.000000	123.978180	27.100000
394.000000	19709.000000	124.022774	27.100000
395.000000	19758.000000	123.955406	27.100000
396.000000	19808.000000	123.967743	27.100000
397.000000	19859.000000	123.965843	27.100000
398.000000	19908.000000	123.898483	27.100000
399.000000	19958.000000	123.977226	27.100000
400.000000	20008.000000	123.967743	27.100000
401.000000	20059.000000	124.064514	27.100000
402.000000	20108.000000	124.001900	27.100000
403.000000	20158.000000	124.003792	27.100000
404.000000	20208.000000	123.950661	27.100000
405.000000	20258.000000	123.956360	27.100000
406.000000	20308.000000	124.010437	27.100000
407.000000	20358.000000	123.994308	27.100000
408.000000	20408.000000	123.973434	27.100000
409.000000	20458.000000	124.002846	27.100000
410.000000	20508.000000	123.951614	27.100000
411.000000	20558.000000	123.857681	27.100000
412.000000	20608.000000	124.032257	27.100000
413.000000	20659.000000	123.920303	27.100000
414.000000	20708.000000	123.954460	27.100000
415.000000	20758.000000	123.937378	27.100000
416.000000	20808.000000	123.974380	27.100000
417.000000	20858.000000	124.002846	27.100000
418.000000	20908.000000	123.992409	27.100000
419.000000	20958.000000	123.966797	27.100000
420.000000	21008.000000	123.931686	27.100000
421.000000	21058.000000	123.906075	27.100000
422.000000	21109.000000	123.946869	27.100000
423.000000	21158.000000	123.931686	27.100000
424.000000	21208.000000	123.919357	27.100000
425.000000	21259.000000	123.952560	27.100000
426.000000	21308.000000	123.919357	27.100000
427.000000	21358.000000	123.907021	27.100000
428.000000	21408.000000	123.902275	27.100000
429.000000	21458.000000	123.919357	27.100000
430.000000	21508.000000	123.910812	27.100000
431.000000	21558.000000	123.918404	27.100000
432.000000	21608.000000	123.890892	27.100000
433.000000	21658.000000	123.940231	27.100000
434.000000	21708.000000	123.867172	27.100000
435.000000	21758.000000	123.907967	27.100000
436.000000	21808.000000	123.835861	27.100000
437.000000	21859.000000	123.876663	27.100000
438.000000	21909.000000	123.894684	27.100000
439.000000	21958.000000	123.834915	27.100000
440.000000	22008.000000	123.941177	27.100000
441.000000	22058.000000	123.828270	27.100000
442.000000	22108.000000	123.872864	27.100000
443.000000	22158.000000	123.882355	27.100000
444.000000	22208.000000	123.852943	27.100000
445.000000	22259.000000	123.776093	27.100000
446.000000	22309.000000	123.908920	27.100000
447.000000	22358.000000	123.907021	27.100000
448.000000	22408.000000	123.858635	27.100000
449.000000	22458.000000	123.903229	27.100000
450.000000	22508.000000	123.824478	27.100000
451.000000	22558.000000	123.885201	27.100000
452.000000	22608.000000	123.845352	27.100000
453.000000	22658.000000	123.835861	27.100000
454.000000	22708.000000	123.883301	27.100000
455.000000	22758.000000	123.868118	27.100000
456.000000	22808.000000	123.862427	27.100000
457.000000	22858.000000	123.860535	27.100000
458.000000	22908.000000	123.870018	27.100000
459.000000	22959.000000	123.826378	27.100000
460.000000	23008.000000	123.827324	27.100000
461.000000	23058.000000	123.827324	27.100000
462.000000	23108.000000	123.865273	27.100000
463.000000	23158.000000	123.851990	27.100000
464.000000	23208.000000	123.814987	27.100000
465.000000	23258.000000	123.789375	27.100000
466.000000	23308.000000	123.889946	27.100000
467.000000	23359.000000	123.747627	27.100000
468.000000	23408.000000	123.891838	27.100000
469.000000	23458.000000	123.840607	27.100000
470.000000	23508.000000	123.861481	27.100000
471.000000	23558.000000	123.804558	27.100000
472.000000	23608.000000	123.863380	27.100000
473.000000	23659.000000	123.836815	27.100000
474.000000	23708.000000	123.827324	27.100000
475.000000	23759.000000	123.845352	27.100000
476.000000	23809.000000	123.864326	27.100000
477.000000	23858.000000	123.833015	27.100000
478.000000	23908.000000	123.865273	27.100000
479.000000	23958.000000	123.805504	27.100000
480.000000	24008.000000	123.864326	27.100000
481.000000	24058.000000	123.831123	27.100000
