0.000000	9.000000	120.157494	27.100000
1.000000	60.000000	120.153702	27.100000
2.000000	110.000000	120.176468	27.100000
3.000000	160.000000	120.194496	27.100000
4.000000	210.000000	120.227707	27.100000
5.000000	259.000000	120.237190	27.100000
6.000000	310.000000	120.174576	27.100000
7.000000	360.000000	120.198296	27.100000
8.000000	409.000000	120.169830	27.100000
9.000000	459.000000	120.185013	27.100000
10.000000	509.000000	120.166985	27.100000
11.000000	559.000000	120.244781	27.100000
12.000000	609.000000	120.241936	27.100000
13.000000	659.000000	120.214424	27.100000
14.000000	709.000000	120.159393	27.100000
15.000000	760.000000	120.212524	27.100000
16.000000	809.000000	120.290321	27.100000
17.000000	860.000000	120.254272	27.100000
18.000000	909.000000	120.249527	27.100000
19.000000	959.000000	120.223907	27.100000
20.000000	1009.000000	120.130928	27.100000
21.000000	1059.000000	120.192596	27.100000
22.000000	1109.000000	120.174576	27.100000
23.000000	1159.000000	120.160339	27.100000
24.000000	1209.000000	120.186905	27.100000
25.000000	1260.000000	120.222961	27.100000
26.000000	1310.000000	120.151802	27.100000
27.000000	1359.000000	120.225807	27.100000
28.000000	1410.000000	120.231499	27.100000
29.000000	1459.000000	120.307404	27.100000
30.000000	1509.000000	120.252373	27.100000
31.000000	1559.000000	120.222008	27.100000
32.000000	1610.000000	120.237190	27.100000
33.000000	1659.000000	120.212524	27.100000
34.000000	1709.000000	120.197342	27.100000
35.000000	1760.000000	120.223907	27.100000
36.000000	1810.000000	120.226753	27.100000
37.000000	1859.000000	120.177422	27.100000
38.000000	1910.000000	120.215370	27.100000
39.000000	1959.000000	120.308350	27.100000
40.000000	2010.000000	120.252373	27.100000
41.000000	2059.000000	120.161293	27.100000
42.000000	2109.000000	120.251427	27.100000
43.000000	2160.000000	120.237190	27.100000
44.000000	2210.000000	120.198296	27.100000
45.000000	2259.000000	120.341553	27.100000
46.000000	2309.000000	120.242882	27.100000
47.000000	2360.000000	120.240036	27.100000
48.000000	2409.000000	120.187859	27.100000
49.000000	2460.000000	120.189751	27.100000
50.000000	2509.000000	120.173622	27.100000
51.000000	2559.000000	120.149902	27.100000
52.000000	2609.000000	120.214424	27.100000
53.000000	2659.000000	120.226753	27.100000
54.000000	2709.000000	120.242882	27.100000
55.000000	2759.000000	120.225807	27.100000
56.000000	2809.000000	120.267555	27.100000
57.000000	2859.000000	120.224861	27.100000
58.000000	2910.000000	120.226753	27.100000
59.000000	2959.000000	120.296013	27.100000
60.000000	3009.000000	120.256165	27.100000
61.000000	3059.000000	120.286530	27.100000
62.000000	3109.000000	120.196396	27.100000
63.000000	3160.000000	120.245728	27.100000
64.000000	3210.000000	120.234344	27.100000
65.000000	3260.000000	120.273247	27.100000
66.000000	3309.000000	120.170776	27.100000
67.000000	3359.000000	120.207779	27.100000
68.000000	3409.000000	120.210625	27.100000
69.000000	3460.000000	120.173622	27.100000
70.000000	3509.000000	120.157494	27.100000
71.000000	3559.000000	120.221062	27.100000
72.000000	3609.000000	120.222008	27.100000
73.000000	3660.000000	120.209679	27.100000
74.000000	3710.000000	120.211578	27.100000
75.000000	3759.000000	120.280838	27.100000
76.000000	3809.000000	120.270401	27.100000
77.000000	3859.000000	120.219162	27.100000
78.000000	3909.000000	120.210625	27.100000
79.000000	3959.000000	120.194496	27.100000
80.000000	4010.000000	120.333015	27.100000
81.000000	4059.000000	120.190704	27.100000
82.000000	4109.000000	120.236244	27.100000
83.000000	4159.000000	120.191650	27.100000
84.000000	4209.000000	120.242882	27.100000
85.000000	4260.000000	120.227707	27.100000
86.000000	4310.000000	120.280838	27.100000
87.000000	4359.000000	120.313095	27.100000
88.000000	4410.000000	120.253319	27.100000
89.000000	4459.000000	120.301704	27.100000
90.000000	4509.000000	120.232445	27.100000
91.000000	4559.000000	120.272293	27.100000
92.000000	4609.000000	120.228653	27.100000
93.000000	4659.000000	120.234344	27.100000
94.000000	4709.000000	120.274193	27.100000
95.000000	4759.000000	120.240036	27.100000
96.000000	4810.000000	120.197342	27.100000
97.000000	4859.000000	120.286530	27.100000
98.000000	4909.000000	120.232445	27.100000
99.000000	4959.000000	120.227707	27.100000
100.000000	5009.000000	120.249527	27.100000
101.000000	5059.000000	120.247627	27.100000
102.000000	5110.000000	120.204933	27.100000
103.000000	5159.000000	120.219162	27.100000
104.000000	5209.000000	120.219162	27.100000
105.000000	5259.000000	120.206833	27.100000
106.000000	5309.000000	120.259010	27.100000
107.000000	5359.000000	120.221062	27.100000
108.000000	5409.000000	120.273247	27.100000
109.000000	5459.000000	120.270401	27.100000
110.000000	5509.000000	120.236244	27.100000
111.000000	5559.000000	120.233398	27.100000
112.000000	5610.000000	120.183113	27.100000
113.000000	5659.000000	120.207779	27.100000
114.000000	5710.000000	120.221062	27.100000
115.000000	5759.000000	120.172676	27.100000
116.000000	5809.000000	120.220116	27.100000
117.000000	5859.000000	120.220116	27.100000
118.000000	5909.000000	120.233398	27.100000
119.000000	5959.000000	120.205879	27.100000
120.000000	6009.000000	120.187859	27.100000
121.000000	6059.000000	120.240990	27.100000
122.000000	6109.000000	120.256165	27.100000
123.000000	6159.000000	120.273247	27.100000
124.000000	6209.000000	120.271347	27.100000
125.000000	6259.000000	120.252373	27.100000
126.000000	6309.000000	120.261856	27.100000
127.000000	6359.000000	120.177422	27.100000
128.000000	6409.000000	120.203033	27.100000
129.000000	6459.000000	120.263756	27.100000
130.000000	6509.000000	120.245728	27.100000
131.000000	6559.000000	120.286530	27.100000
132.000000	6609.000000	120.261856	27.100000
133.000000	6659.000000	120.264709	27.100000
134.000000	6709.000000	120.217270	27.100000
135.000000	6759.000000	120.264709	27.100000
136.000000	6809.000000	120.294121	27.100000
137.000000	6860.000000	120.215370	27.100000
138.000000	6909.000000	120.273247	27.100000
139.000000	6959.000000	120.319733	27.100000
140.000000	7009.000000	120.245728	27.100000
141.000000	7060.000000	120.249527	27.100000
142.000000	7110.000000	120.269447	27.100000
143.000000	7159.000000	120.250473	27.100000
144.000000	7210.000000	120.250473	27.100000
145.000000	7260.000000	120.243835	27.100000
146.000000	7310.000000	120.193550	27.100000
147.000000	7359.000000	120.262810	27.100000
148.000000	7409.000000	120.274193	27.100000
149.000000	7460.000000	120.262810	27.100000
150.000000	7510.000000	120.219162	27.100000
151.000000	7559.000000	120.265656	27.100000
152.000000	7609.000000	120.262810	27.100000
153.000000	7660.000000	120.283684	27.100000
154.000000	7710.000000	120.276093	27.100000
155.000000	7759.000000	120.232445	27.100000
156.000000	7809.000000	120.295067	27.100000
157.000000	7859.000000	120.319733	27.100000
158.000000	7909.000000	120.248573	27.100000
159.000000	7959.000000	120.245728	27.100000
160.000000	8010.000000	120.245728	27.100000
161.000000	8059.000000	120.263756	27.100000
162.000000	8109.000000	120.230553	27.100000
163.000000	8159.000000	120.233398	27.100000
164.000000	8210.000000	120.279884	27.100000
165.000000	8259.000000	120.282730	27.100000
166.000000	8309.000000	120.342506	27.100000
167.000000	8360.000000	120.246681	27.100000
168.000000	8409.000000	120.249527	27.100000
169.000000	8459.000000	120.213470	27.100000
170.000000	8509.000000	120.291275	27.100000
171.000000	8559.000000	120.319733	27.100000
172.000000	8610.000000	120.298859	27.100000
173.000000	8660.000000	120.264709	27.100000
174.000000	8709.000000	120.287476	27.100000
175.000000	8759.000000	120.205879	27.100000
176.000000	8809.000000	120.254272	27.100000
177.000000	8860.000000	120.250473	27.100000
178.000000	8909.000000	120.259010	27.100000
179.000000	8959.000000	120.257118	27.100000
180.000000	9010.000000	120.307404	27.100000
181.000000	9059.000000	120.334915	27.100000
182.000000	9109.000000	120.297913	27.100000
183.000000	9159.000000	120.258064	27.100000
184.000000	9209.000000	120.234344	27.100000
185.000000	9259.000000	120.284630	27.100000
186.000000	9309.000000	120.284630	27.100000
187.000000	9359.000000	120.275139	27.100000
188.000000	9409.000000	120.296967	27.100000
189.000000	9459.000000	120.262810	27.100000
190.000000	9510.000000	120.298859	27.100000
191.000000	9559.000000	120.304558	27.100000
192.000000	9610.000000	120.276093	27.100000
193.000000	9659.000000	120.292221	27.100000
194.000000	9709.000000	120.284630	27.100000
195.000000	9760.000000	120.350098	27.100000
196.000000	9810.000000	120.327324	27.100000
197.000000	9859.000000	120.339661	27.100000
198.000000	9910.000000	120.307404	27.100000
199.000000	9960.000000	120.293167	27.100000
200.000000	10009.000000	120.300758	27.100000
201.000000	10060.000000	120.267555	27.100000
202.000000	10109.000000	120.216316	27.100000
203.000000	10159.000000	120.316887	27.100000
204.000000	10209.000000	120.274193	27.100000
205.000000	10259.000000	120.277992	27.100000
206.000000	10310.000000	120.362427	27.100000
207.000000	10359.000000	120.246681	27.100000
208.000000	10409.000000	120.228653	27.100000
209.000000	10460.000000	120.260910	27.100000
210.000000	10509.000000	120.265656	27.100000
211.000000	10560.000000	120.273247	27.100000
212.000000	10609.000000	120.222008	27.100000
213.000000	10659.000000	120.283684	27.100000
214.000000	10709.000000	120.238144	27.100000
215.000000	10759.000000	120.249527	27.100000
216.000000	10810.000000	120.321632	27.100000
217.000000	10859.000000	120.291275	27.100000
218.000000	10909.000000	120.229599	27.100000
219.000000	10959.000000	120.232445	27.100000
220.000000	11009.000000	120.291275	27.100000
221.000000	11059.000000	120.276093	27.100000
222.000000	11109.000000	120.240990	27.100000
223.000000	11159.000000	120.632828	27.100000
224.000000	11209.000000	121.117645	27.100000
225.000000	11259.000000	121.457306	27.100000
226.000000	11310.000000	121.782730	27.100000
227.000000	11359.000000	122.041748	27.100000
228.000000	11409.000000	122.325424	27.100000
229.000000	11459.000000	122.611954	27.100000
230.000000	11509.000000	122.831123	27.100000
231.000000	11560.000000	123.027512	27.100000
232.000000	11609.000000	123.314041	27.100000
233.000000	11659.000000	123.277992	27.100000
234.000000	11709.000000	123.290321	27.100000
235.000000	11759.000000	123.181213	27.100000
236.000000	11809.000000	123.175522	27.100000
237.000000	11859.000000	123.249527	27.100000
238.000000	11909.000000	123.127136	27.100000
239.000000	11959.000000	123.153702	27.100000
240.000000	12009.000000	123.101517	27.100000
241.000000	12059.000000	123.087288	27.100000
242.000000	12109.000000	123.027512	27.100000
243.000000	12159.000000	123.260910	27.100000
244.000000	12209.000000	123.523720	27.100000
245.000000	12259.000000	123.826378	27.100000
246.000000	12309.000000	124.015182	27.100000
247.000000	12360.000000	124.142319	27.100000
248.000000	12410.000000	124.377609	27.100000
249.000000	12459.000000	124.557877	27.100000
250.000000	12509.000000	124.685959	27.100000
251.000000	12560.000000	124.851990	27.100000
252.000000	12610.000000	125.101517	27.100000
253.000000	12659.000000	125.078751	27.100000
254.000000	12709.000000	125.005692	27.100000
255.000000	12759.000000	125.021820	27.100000
256.000000	12809.000000	124.887100	27.100000
257.000000	12859.000000	124.933586	27.100000
258.000000	12909.000000	124.966797	27.100000
259.000000	12959.000000	124.851044	27.100000
260.000000	13010.000000	124.870018	27.100000
261.000000	13059.000000	124.814041	27.100000
262.000000	13109.000000	124.801704	27.100000
263.000000	13159.000000	125.015182	27.100000
264.000000	13210.000000	125.195442	27.100000
265.000000	13259.000000	125.405121	27.100000
266.000000	13309.000000	125.599617	27.100000
267.000000	13359.000000	125.746681	27.100000
268.000000	13409.000000	125.861481	27.100000
269.000000	13459.000000	126.033203	27.100000
270.000000	13510.000000	126.209679	27.100000
271.000000	13559.000000	126.333969	27.100000
272.000000	13610.000000	126.420303	27.100000
273.000000	13659.000000	126.433586	27.100000
274.000000	13709.000000	126.375710	27.100000
275.000000	13760.000000	126.343452	27.100000
276.000000	13810.000000	126.294121	27.100000
277.000000	13859.000000	126.171730	27.100000
278.000000	13909.000000	126.168877	27.100000
279.000000	13960.000000	126.092033	27.100000
280.000000	14010.000000	126.155602	27.100000
281.000000	14060.000000	126.118599	27.100000
282.000000	14110.000000	126.165085	27.100000
283.000000	14159.000000	126.146111	27.100000
284.000000	14210.000000	126.090134	27.100000
285.000000	14259.000000	126.058823	27.100000
286.000000	14309.000000	126.167931	27.100000
287.000000	14359.000000	126.015182	27.100000
288.000000	14409.000000	126.085388	27.100000
289.000000	14460.000000	126.091080	27.100000
290.000000	14509.000000	125.974380	27.100000
291.000000	14559.000000	125.929794	27.100000
292.000000	14609.000000	125.951614	27.100000
293.000000	14659.000000	125.972488	27.100000
294.000000	14709.000000	125.912712	27.100000
295.000000	14759.000000	125.854836	27.100000
296.000000	14810.000000	125.851044	27.100000
297.000000	14859.000000	125.931686	27.100000
298.000000	14910.000000	125.900383	27.100000
299.000000	14959.000000	125.888992	27.100000
300.000000	15010.000000	125.916512	27.100000
301.000000	15059.000000	125.859581	27.100000
302.000000	15109.000000	125.912712	27.100000
303.000000	15159.000000	125.853889	27.100000
304.000000	15209.000000	125.839661	27.100000
305.000000	15259.000000	125.879509	27.100000
306.000000	15310.000000	125.814987	27.100000
307.000000	15359.000000	125.807404	27.100000
308.000000	15409.000000	125.797913	27.100000
309.000000	15460.000000	125.837761	27.100000
310.000000	15510.000000	125.804558	27.100000
311.000000	15560.000000	125.692596	27.100000
312.000000	15609.000000	125.837761	27.100000
313.000000	15660.000000	125.740990	27.100000
314.000000	15710.000000	125.786530	27.100000
315.000000	15759.000000	125.761856	27.100000
316.000000	15809.000000	125.735291	27.100000
317.000000	15860.000000	125.741936	27.100000
318.000000	15909.000000	125.720116	27.100000
319.000000	15959.000000	125.752373	27.100000
320.000000	16009.000000	125.723907	27.100000
321.000000	16059.000000	125.714424	27.100000
322.000000	16109.000000	125.716316	27.100000
323.000000	16160.000000	125.676468	27.100000
324.000000	16210.000000	125.616699	27.100000
325.000000	16259.000000	125.692596	27.100000
326.000000	16309.000000	125.681213	27.100000
327.000000	16359.000000	125.710625	27.100000
328.000000	16409.000000	125.722008	27.100000
329.000000	16459.000000	125.666985	27.100000
330.000000	16509.000000	125.702087	27.100000
331.000000	16559.000000	125.648010	27.100000
332.000000	16609.000000	125.708725	27.100000
333.000000	16659.000000	125.653702	27.100000
334.000000	16709.000000	125.585388	27.100000
335.000000	16759.000000	125.624290	27.100000
336.000000	16809.000000	125.658447	27.100000
337.000000	16859.000000	125.634727	27.100000
338.000000	16909.000000	125.621445	27.100000
339.000000	16960.000000	125.629982	27.100000
340.000000	17009.000000	125.599617	27.100000
341.000000	17059.000000	125.539848	27.100000
342.000000	17109.000000	125.581596	27.100000
343.000000	17159.000000	125.552185	27.100000
344.000000	17209.000000	125.549339	27.100000
345.000000	17259.000000	125.537949	27.100000
346.000000	17309.000000	125.567360	27.100000
347.000000	17360.000000	125.596771	27.100000
348.000000	17409.000000	125.547440	27.100000
349.000000	17460.000000	125.532257	27.100000
350.000000	17509.000000	125.530357	27.100000
351.000000	17559.000000	125.527512	27.100000
352.000000	17610.000000	125.452560	27.100000
353.000000	17659.000000	125.494308	27.100000
354.000000	17710.000000	125.496208	27.100000
355.000000	17760.000000	125.439278	27.100000
356.000000	17809.000000	125.558823	27.100000
357.000000	17859.000000	125.470589	27.100000
358.000000	17909.000000	125.407021	27.100000
359.000000	17960.000000	125.503792	27.100000
360.000000	18009.000000	125.470589	27.100000
361.000000	18059.000000	125.450661	27.100000
362.000000	18110.000000	125.424095	27.100000
363.000000	18160.000000	125.514229	27.100000
364.000000	18209.000000	125.477226	27.100000
365.000000	18260.000000	125.368118	27.100000
366.000000	18309.000000	125.394684	27.100000
367.000000	18360.000000	125.423149	27.100000
368.000000	18409.000000	125.483871	27.100000
369.000000	18459.000000	125.414612	27.100000
370.000000	18510.000000	125.352943	27.100000
371.000000	18560.000000	125.378555	27.100000
372.000000	18609.000000	125.386147	27.100000
373.000000	18659.000000	125.403229	27.100000
374.000000	18709.000000	125.405121	27.100000
375.000000	18759.000000	125.444023	27.100000
376.000000	18809.000000	125.346298	27.100000
377.000000	18860.000000	125.359581	27.100000
378.000000	18909.000000	125.417458	27.100000
379.000000	18959.000000	125.343452	27.100000
380.000000	19009.000000	125.370018	27.100000
381.000000	19059.000000	125.268501	27.100000
382.000000	19109.000000	125.377609	27.100000
383.000000	19159.000000	125.303604	27.100000
384.000000	19210.000000	125.364326	27.100000
385.000000	19259.000000	125.333969	27.100000
386.000000	19309.000000	125.323532	27.100000
387.000000	19359.000000	125.288422	27.100000
388.000000	19410.000000	125.353889	27.100000
389.000000	19459.000000	125.357681	27.100000
390.000000	19509.000000	125.316887	27.100000
391.000000	19559.000000	125.340607	27.100000
392.000000	19609.000000	125.365273	27.100000
393.000000	19660.000000	125.329224	27.100000
394.000000	19710.000000	125.314041	27.100000
395.000000	19759.000000	125.309296	27.100000
396.000000	19809.000000	125.267555	27.100000
397.000000	19859.000000	125.219162	27.100000
398.000000	19909.000000	125.291275	27.100000
399.000000	19959.000000	125.310249	27.100000
400.000000	20009.000000	125.279884	27.100000
401.000000	20060.000000	125.269447	27.100000
402.000000	20110.000000	125.257118	27.100000
403.000000	20159.000000	125.217270	27.100000
404.000000	20209.000000	125.267555	27.100000
405.000000	20259.000000	125.265656	27.100000
406.000000	20309.000000	125.347252	27.100000
407.000000	20360.000000	125.233398	27.100000
408.000000	20410.000000	125.253319	27.100000
409.000000	20460.000000	125.237190	27.100000
410.000000	20509.000000	125.258064	27.100000
411.000000	20559.000000	125.234344	27.100000
412.000000	20609.000000	125.234344	27.100000
413.000000	20659.000000	125.222961	27.100000
414.000000	20709.000000	125.222961	27.100000
415.000000	20759.000000	125.216316	27.100000
416.000000	20809.000000	125.240990	27.100000
417.000000	20859.000000	125.224861	27.100000
418.000000	20909.000000	125.200188	27.100000
419.000000	20959.000000	125.165085	27.100000
420.000000	21009.000000	125.257118	27.100000
421.000000	21060.000000	125.188805	27.100000
422.000000	21109.000000	125.189751	27.100000
423.000000	21159.000000	125.205879	27.100000
424.000000	21209.000000	125.234344	27.100000
425.000000	21259.000000	125.098671	27.100000
426.000000	21310.000000	125.174576	27.100000
427.000000	21359.000000	125.148956	27.100000
428.000000	21409.000000	125.163185	27.100000
429.000000	21460.000000	125.218216	27.100000
430.000000	21509.000000	125.111954	27.100000
431.000000	21559.000000	125.102470	27.100000
432.000000	21609.000000	125.111008	27.100000
433.000000	21659.000000	125.119545	27.100000
434.000000	21709.000000	125.169830	27.100000
435.000000	21759.000000	125.086334	27.100000
436.000000	21810.000000	125.178368	27.100000
437.000000	21859.000000	125.137573	27.100000
438.000000	21909.000000	125.184059	27.100000
439.000000	21959.000000	125.092033	27.100000
440.000000	22010.000000	125.149902	27.100000
441.000000	22059.000000	125.134727	27.100000
442.000000	22110.000000	125.064514	27.100000
443.000000	22160.000000	125.023720	27.100000
444.000000	22210.000000	125.082542	27.100000
445.000000	22260.000000	125.007591	27.100000
446.000000	22309.000000	125.045540	27.100000
447.000000	22360.000000	125.113853	27.100000
448.000000	22410.000000	125.102470	27.100000
449.000000	22460.000000	125.149902	27.100000
450.000000	22509.000000	125.025620	27.100000
451.000000	22560.000000	125.068314	27.100000
452.000000	22609.000000	125.016129	27.100000
453.000000	22659.000000	125.046486	27.100000
454.000000	22709.000000	124.971535	27.100000
455.000000	22759.000000	125.022774	27.100000
456.000000	22809.000000	124.977226	27.100000
457.000000	22860.000000	124.989563	27.100000
458.000000	22909.000000	125.080643	27.100000
459.000000	22959.000000	125.020874	27.100000
460.000000	23009.000000	124.981026	27.100000
461.000000	23059.000000	125.038902	27.100000
462.000000	23109.000000	125.007591	27.100000
463.000000	23159.000000	124.942123	27.100000
464.000000	23210.000000	125.046486	27.100000
465.000000	23259.000000	125.007591	27.100000
466.000000	23310.000000	124.989563	27.100000
467.000000	23359.000000	124.981026	27.100000
468.000000	23409.000000	124.881401	27.100000
469.000000	23459.000000	125.018028	27.100000
470.000000	23509.000000	124.934532	27.100000
471.000000	23559.000000	124.973434	27.100000
472.000000	23609.000000	124.939278	27.100000
473.000000	23660.000000	124.957306	27.100000
474.000000	23710.000000	124.950661	27.100000
475.000000	23759.000000	124.996208	27.100000
476.000000	23809.000000	124.948769	27.100000
477.000000	23860.000000	124.907967	27.100000
478.000000	23910.000000	124.956360	27.100000
479.000000	23959.000000	125.018028	27.100000
480.000000	24009.000000	125.021820	27.100000
481.000000	24059.000000	124.904175	27.100000
