0.000000	21.000000	120.194496	27.200000
1.000000	71.000000	120.185013	27.200000
2.000000	121.000000	120.142319	27.200000
3.000000	171.000000	120.103416	27.200000
4.000000	221.000000	120.046486	27.200000
5.000000	271.000000	120.104362	27.200000
6.000000	321.000000	120.094879	27.200000
7.000000	372.000000	120.120491	27.200000
8.000000	421.000000	120.158447	27.200000
9.000000	471.000000	120.201141	27.200000
10.000000	521.000000	120.154648	27.200000
11.000000	571.000000	120.161293	27.200000
12.000000	621.000000	120.175522	27.100000
13.000000	671.000000	120.074951	27.100000
14.000000	721.000000	120.091080	27.100000
15.000000	771.000000	120.086334	27.100000
16.000000	821.000000	120.146111	27.200000
17.000000	871.000000	120.085388	27.200000
18.000000	921.000000	120.122391	27.200000
19.000000	971.000000	120.100571	27.200000
20.000000	1021.000000	120.141365	27.200000
21.000000	1071.000000	120.055977	27.200000
22.000000	1121.000000	120.155602	27.200000
23.000000	1171.000000	120.107208	27.200000
24.000000	1221.000000	120.129036	27.200000
25.000000	1271.000000	120.076851	27.200000
26.000000	1321.000000	120.149902	27.200000
27.000000	1371.000000	120.103416	27.200000
28.000000	1421.000000	120.112900	27.200000
29.000000	1471.000000	120.189751	27.200000
30.000000	1521.000000	120.210625	27.200000
31.000000	1571.000000	120.161293	27.200000
32.000000	1621.000000	120.195442	27.200000
33.000000	1671.000000	120.167931	27.200000
34.000000	1721.000000	120.148010	27.200000
35.000000	1771.000000	120.147057	27.200000
36.000000	1821.000000	120.167931	27.200000
37.000000	1871.000000	120.040794	27.200000
38.000000	1921.000000	120.153702	27.200000
39.000000	1971.000000	120.111954	27.200000
40.000000	2021.000000	120.121445	27.200000
41.000000	2071.000000	120.092979	27.200000
42.000000	2121.000000	120.138519	27.200000
43.000000	2171.000000	120.132828	27.200000
44.000000	2221.000000	120.214424	27.200000
45.000000	2271.000000	120.100571	27.200000
46.000000	2321.000000	120.129982	27.200000
47.000000	2371.000000	120.214424	27.200000
48.000000	2421.000000	120.213470	27.200000
49.000000	2471.000000	120.103416	27.200000
50.000000	2521.000000	120.155602	27.200000
51.000000	2571.000000	120.183113	27.200000
52.000000	2621.000000	120.152748	27.200000
53.000000	2671.000000	120.148956	27.200000
54.000000	2721.000000	120.133774	27.200000
55.000000	2771.000000	120.131882	27.200000
56.000000	2821.000000	120.165085	27.200000
57.000000	2871.000000	120.170776	27.200000
58.000000	2921.000000	120.158447	27.200000
59.000000	2971.000000	120.075905	27.200000
60.000000	3021.000000	120.146111	27.200000
61.000000	3071.000000	120.165085	27.200000
62.000000	3121.000000	120.131882	27.200000
63.000000	3171.000000	120.151802	27.200000
64.000000	3221.000000	120.164139	27.200000
65.000000	3271.000000	120.110054	27.200000
66.000000	3321.000000	120.188805	27.200000
67.000000	3371.000000	120.159393	27.200000
68.000000	3421.000000	120.161293	27.200000
69.000000	3471.000000	120.147057	27.200000
70.000000	3521.000000	120.217270	27.200000
71.000000	3571.000000	120.173622	27.100000
72.000000	3621.000000	120.172676	27.100000
73.000000	3671.000000	120.122391	27.100000
74.000000	3721.000000	120.172676	27.100000
75.000000	3771.000000	120.229599	27.200000
76.000000	3821.000000	120.219162	27.200000
77.000000	3871.000000	120.188805	27.200000
78.000000	3921.000000	120.194496	27.200000
79.000000	3971.000000	120.204933	27.200000
80.000000	4021.000000	120.157494	27.200000
81.000000	4071.000000	120.120491	27.200000
82.000000	4121.000000	120.179314	27.200000
83.000000	4171.000000	120.160339	27.200000
84.000000	4221.000000	120.192596	27.200000
85.000000	4271.000000	120.198296	27.200000
86.000000	4321.000000	120.121445	27.200000
87.000000	4371.000000	120.170776	27.200000
88.000000	4421.000000	120.223907	27.200000
89.000000	4471.000000	120.163185	27.200000
90.000000	4521.000000	120.228653	27.200000
91.000000	4571.000000	120.174576	27.200000
92.000000	4621.000000	120.202087	27.200000
93.000000	4671.000000	120.237190	27.200000
94.000000	4721.000000	120.225807	27.200000
95.000000	4771.000000	120.167931	27.200000
96.000000	4821.000000	120.212524	27.200000
97.000000	4871.000000	120.125237	27.200000
98.000000	4921.000000	120.150856	27.200000
99.000000	4971.000000	120.193550	27.200000
100.000000	5021.000000	120.190704	27.200000
101.000000	5071.000000	120.138519	27.200000
102.000000	5121.000000	120.182159	27.200000
103.000000	5172.000000	120.203987	27.200000
104.000000	5221.000000	120.236244	27.200000
105.000000	5271.000000	120.220116	27.200000
106.000000	5321.000000	120.276093	27.200000
107.000000	5371.000000	120.201141	27.200000
108.000000	5421.000000	120.218216	27.200000
109.000000	5472.000000	120.163185	27.200000
110.000000	5521.000000	120.200188	27.200000
111.000000	5571.000000	120.211578	27.200000
112.000000	5621.000000	120.231499	27.200000
113.000000	5671.000000	120.222961	27.200000
114.000000	5721.000000	120.264709	27.200000
115.000000	5771.000000	120.232445	27.200000
116.000000	5821.000000	120.296013	27.200000
117.000000	5871.000000	120.272293	27.200000
118.000000	5921.000000	120.228653	27.200000
119.000000	5971.000000	120.168877	27.200000
120.000000	6021.000000	120.230553	27.200000
121.000000	6071.000000	120.254272	27.200000
122.000000	6121.000000	120.234344	27.200000
123.000000	6171.000000	120.209679	27.200000
124.000000	6221.000000	120.262810	27.200000
125.000000	6271.000000	120.233398	27.200000
126.000000	6321.000000	120.225807	27.200000
127.000000	6371.000000	120.145164	27.200000
128.000000	6421.000000	120.243835	27.200000
129.000000	6471.000000	120.163185	27.200000
130.000000	6521.000000	120.155602	27.200000
131.000000	6571.000000	120.178368	27.200000
132.000000	6621.000000	120.287476	27.200000
133.000000	6671.000000	120.209679	27.200000
134.000000	6721.000000	120.209679	27.200000
135.000000	6771.000000	120.202087	27.200000
136.000000	6821.000000	120.226753	27.200000
137.000000	6871.000000	120.191650	27.200000
138.000000	6921.000000	120.220116	27.200000
139.000000	6971.000000	120.155602	27.200000
140.000000	7021.000000	120.222008	27.200000
141.000000	7071.000000	120.171730	27.200000
142.000000	7121.000000	120.247627	27.200000
143.000000	7171.000000	120.137573	27.200000
144.000000	7221.000000	120.178368	27.200000
145.000000	7271.000000	120.200188	27.200000
146.000000	7321.000000	120.270401	27.200000
147.000000	7371.000000	120.207779	27.200000
148.000000	7421.000000	120.237190	27.200000
149.000000	7471.000000	120.222961	27.200000
150.000000	7521.000000	120.197342	27.200000
151.000000	7571.000000	120.242882	27.200000
152.000000	7621.000000	120.272293	27.200000
153.000000	7671.000000	120.176468	27.200000
154.000000	7721.000000	120.268501	27.200000
155.000000	7771.000000	120.240036	27.200000
156.000000	7821.000000	120.253319	27.200000
157.000000	7871.000000	120.221062	27.200000
158.000000	7921.000000	120.224861	27.200000
159.000000	7971.000000	120.221062	27.200000
160.000000	8021.000000	120.205879	27.200000
161.000000	8071.000000	120.229599	27.200000
162.000000	8121.000000	120.171730	27.200000
163.000000	8171.000000	120.203033	27.200000
164.000000	8221.000000	120.242882	27.200000
165.000000	8271.000000	120.185959	27.200000
166.000000	8321.000000	120.248573	27.200000
167.000000	8371.000000	120.193550	27.200000
168.000000	8421.000000	120.231499	27.200000
169.000000	8471.000000	120.227707	27.200000
170.000000	8521.000000	120.149902	27.200000
171.000000	8571.000000	120.192596	27.200000
172.000000	8621.000000	120.240036	27.200000
173.000000	8671.000000	120.185013	27.200000
174.000000	8721.000000	120.260910	27.200000
175.000000	8771.000000	120.229599	27.200000
176.000000	8821.000000	120.274193	27.200000
177.000000	8871.000000	120.292221	27.200000
178.000000	8921.000000	120.228653	27.200000
179.000000	8971.000000	120.234344	27.200000
180.000000	9021.000000	120.295067	27.200000
181.000000	9071.000000	120.204933	27.200000
182.000000	9121.000000	120.272293	27.200000
183.000000	9171.000000	120.163185	27.200000
184.000000	9221.000000	120.226753	27.200000
185.000000	9271.000000	120.166985	27.200000
186.000000	9321.000000	120.267555	27.200000
187.000000	9371.000000	120.177422	27.200000
188.000000	9421.000000	120.310249	27.200000
189.000000	9471.000000	120.190704	27.200000
190.000000	9521.000000	120.259010	27.200000
191.000000	9571.000000	120.208725	27.200000
192.000000	9621.000000	120.197342	27.200000
193.000000	9671.000000	120.154648	27.200000
194.000000	9721.000000	120.203987	27.200000
195.000000	9771.000000	120.231499	27.200000
196.000000	9821.000000	120.210625	27.200000
197.000000	9871.000000	120.201141	27.200000
198.000000	9921.000000	120.198296	27.200000
199.000000	9971.000000	120.242882	27.200000
200.000000	10021.000000	120.178368	27.200000
201.000000	10071.000000	120.165085	27.200000
202.000000	10121.000000	120.429794	27.200000
203.000000	10171.000000	120.796967	27.200000
204.000000	10221.000000	121.239090	27.200000
205.000000	10271.000000	121.483871	27.200000
206.000000	10321.000000	121.907021	27.200000
207.000000	10371.000000	122.044594	27.200000
208.000000	10421.000000	122.358635	27.200000
209.000000	10471.000000	122.668877	27.200000
210.000000	10521.000000	122.897530	27.200000
211.000000	10571.000000	123.038902	27.200000
212.000000	10621.000000	123.207779	27.200000
213.000000	10671.000000	123.065468	27.200000
214.000000	10721.000000	123.138519	27.200000
215.000000	10771.000000	122.999054	27.200000
216.000000	10821.000000	123.126183	27.200000
217.000000	10871.000000	123.060722	27.200000
218.000000	10921.000000	123.037003	27.200000
219.000000	10971.000000	122.971535	27.200000
220.000000	11021.000000	123.093925	27.200000
221.000000	11071.000000	122.993362	27.200000
222.000000	11121.000000	123.160339	27.200000
223.000000	11171.000000	123.306450	27.200000
224.000000	11221.000000	123.613853	27.200000
225.000000	11271.000000	123.733398	27.200000
226.000000	11321.000000	124.061668	27.200000
227.000000	11371.000000	124.173622	27.200000
228.000000	11421.000000	124.359581	27.200000
229.000000	11471.000000	124.500946	27.200000
230.000000	11521.000000	124.737190	27.200000
231.000000	11571.000000	124.818787	27.200000
232.000000	11621.000000	124.949715	27.200000
233.000000	11671.000000	124.870964	27.200000
234.000000	11721.000000	124.914612	27.200000
235.000000	11771.000000	124.771347	27.200000
236.000000	11821.000000	124.770401	27.200000
237.000000	11871.000000	124.807404	27.200000
238.000000	11921.000000	124.822578	27.200000
239.000000	11971.000000	124.748573	27.200000
240.000000	12021.000000	124.731499	27.200000
241.000000	12071.000000	124.602470	27.200000
242.000000	12121.000000	124.703033	27.200000
243.000000	12171.000000	124.603416	27.200000
244.000000	12221.000000	124.683113	27.200000
245.000000	12271.000000	124.562622	27.200000
246.000000	12321.000000	124.623337	27.200000
247.000000	12371.000000	124.543640	27.200000
248.000000	12421.000000	124.612900	27.200000
249.000000	12471.000000	124.462997	27.200000
250.000000	12521.000000	124.574951	27.200000
251.000000	12571.000000	124.538902	27.200000
252.000000	12621.000000	124.529411	27.200000
253.000000	12671.000000	124.530357	27.200000
254.000000	12721.000000	124.561668	27.200000
255.000000	12771.000000	124.508537	27.200000
256.000000	12821.000000	124.492409	27.200000
257.000000	12871.000000	124.455406	27.200000
258.000000	12921.000000	124.495255	27.100000
259.000000	12971.000000	124.390892	27.100000
260.000000	13021.000000	124.431686	27.100000
261.000000	13071.000000	124.429794	27.100000
262.000000	13121.000000	124.514229	27.200000
263.000000	13171.000000	124.378555	27.200000
264.000000	13221.000000	124.510437	27.200000
265.000000	13271.000000	124.412712	27.200000
266.000000	13321.000000	124.416512	27.200000
267.000000	13371.000000	124.385201	27.200000
268.000000	13421.000000	124.329224	27.200000
269.000000	13471.000000	124.408920	27.200000
270.000000	13521.000000	124.396584	27.100000
271.000000	13571.000000	124.373817	27.100000
272.000000	13621.000000	124.328270	27.100000
273.000000	13671.000000	124.283684	27.100000
274.000000	13721.000000	124.379509	27.200000
275.000000	13771.000000	124.368118	27.200000
276.000000	13821.000000	124.376663	27.200000
277.000000	13871.000000	124.335861	27.200000
278.000000	13921.000000	124.365273	27.200000
279.000000	13971.000000	124.323532	27.200000
280.000000	14021.000000	124.338707	27.200000
281.000000	14071.000000	124.284630	27.200000
282.000000	14121.000000	124.364326	27.200000
283.000000	14171.000000	124.304558	27.200000
284.000000	14221.000000	124.280838	27.200000
285.000000	14271.000000	124.266602	27.200000
286.000000	14321.000000	124.215370	27.200000
287.000000	14371.000000	124.274193	27.200000
288.000000	14421.000000	124.234344	27.200000
289.000000	14471.000000	124.167931	27.200000
290.000000	14521.000000	124.277992	27.200000
291.000000	14571.000000	124.231499	27.200000
292.000000	14621.000000	124.319733	27.200000
293.000000	14671.000000	124.251427	27.200000
294.000000	14721.000000	124.275139	27.200000
295.000000	14771.000000	124.304558	27.200000
296.000000	14821.000000	124.283684	27.200000
297.000000	14871.000000	124.287476	27.200000
298.000000	14921.000000	124.227707	27.200000
299.000000	14971.000000	124.220116	27.200000
300.000000	15021.000000	124.140419	27.200000
301.000000	15071.000000	124.228653	27.200000
302.000000	15121.000000	124.150856	27.200000
303.000000	15171.000000	124.207779	27.200000
304.000000	15221.000000	124.194496	27.200000
305.000000	15271.000000	124.103416	27.200000
306.000000	15321.000000	124.144211	27.200000
307.000000	15371.000000	124.187859	27.200000
308.000000	15421.000000	124.224861	27.200000
309.000000	15471.000000	124.191650	27.200000
310.000000	15521.000000	124.219162	27.200000
311.000000	15571.000000	124.153702	27.200000
312.000000	15621.000000	124.243835	27.200000
313.000000	15671.000000	124.090134	27.200000
314.000000	15721.000000	124.138519	27.200000
315.000000	15771.000000	124.111954	27.200000
316.000000	15821.000000	124.094879	27.200000
317.000000	15871.000000	124.066414	27.200000
318.000000	15921.000000	124.093925	27.200000
319.000000	15971.000000	124.082542	27.200000
320.000000	16021.000000	124.164139	27.200000
321.000000	16071.000000	124.148956	27.200000
322.000000	16121.000000	124.102470	27.200000
323.000000	16171.000000	124.107208	27.200000
324.000000	16221.000000	124.109108	27.200000
325.000000	16271.000000	124.146111	27.200000
326.000000	16321.000000	124.158447	27.200000
327.000000	16371.000000	124.102470	27.200000
328.000000	16421.000000	124.126183	27.200000
329.000000	16471.000000	124.038902	27.200000
330.000000	16521.000000	124.073051	27.200000
331.000000	16571.000000	124.006638	27.200000
332.000000	16621.000000	124.054077	27.200000
333.000000	16671.000000	124.041748	27.200000
334.000000	16721.000000	124.093925	27.200000
335.000000	16771.000000	124.002846	27.200000
336.000000	16821.000000	124.112900	27.200000
337.000000	16871.000000	124.048386	27.200000
338.000000	16921.000000	124.111954	27.200000
339.000000	16971.000000	124.091080	27.200000
340.000000	17022.000000	124.099617	27.200000
341.000000	17071.000000	124.037949	27.200000
342.000000	17121.000000	124.119545	27.200000
343.000000	17171.000000	124.063568	27.200000
344.000000	17221.000000	124.016129	27.200000
345.000000	17271.000000	123.986717	27.100000
346.000000	17321.000000	124.011383	27.100000
347.000000	17371.000000	124.012337	27.100000
348.000000	17421.000000	124.001900	27.100000
349.000000	17471.000000	124.024666	27.200000
350.000000	17521.000000	124.034157	27.200000
351.000000	17571.000000	124.009491	27.200000
352.000000	17621.000000	124.033203	27.200000
353.000000	17671.000000	124.004745	27.200000
354.000000	17721.000000	124.109108	27.200000
355.000000	17771.000000	123.987663	27.200000
356.000000	17821.000000	123.931686	27.200000
357.000000	17871.000000	124.007591	27.200000
358.000000	17921.000000	124.042694	27.200000
359.000000	17971.000000	123.996208	27.200000
360.000000	18021.000000	123.994308	27.200000
361.000000	18071.000000	123.967743	27.200000
362.000000	18121.000000	123.958252	27.200000
363.000000	18171.000000	123.936432	27.200000
364.000000	18221.000000	124.052185	27.200000
365.000000	18271.000000	123.911766	27.200000
366.000000	18321.000000	123.947815	27.200000
367.000000	18371.000000	123.977226	27.200000
368.000000	18421.000000	123.918404	27.200000
369.000000	18471.000000	123.986717	27.200000
370.000000	18521.000000	123.962051	27.200000
371.000000	18571.000000	123.984818	27.200000
372.000000	18621.000000	123.982925	27.200000
373.000000	18671.000000	123.973434	27.200000
374.000000	18721.000000	123.935486	27.200000
375.000000	18771.000000	123.983871	27.200000
376.000000	18821.000000	123.958252	27.200000
377.000000	18871.000000	123.959206	27.200000
378.000000	18921.000000	123.966797	27.200000
379.000000	18971.000000	124.001900	27.200000
380.000000	19021.000000	123.938332	27.200000
381.000000	19071.000000	123.918404	27.200000
382.000000	19121.000000	123.953514	27.200000
383.000000	19171.000000	123.933586	27.200000
384.000000	19221.000000	123.912712	27.200000
385.000000	19271.000000	124.019920	27.200000
386.000000	19321.000000	123.920303	27.200000
387.000000	19371.000000	123.920303	27.200000
388.000000	19421.000000	123.958252	27.200000
389.000000	19471.000000	123.909866	27.200000
390.000000	19521.000000	123.921249	27.200000
391.000000	19571.000000	123.938332	27.200000
392.000000	19621.000000	123.911766	27.200000
393.000000	19671.000000	123.886147	27.200000
394.000000	19721.000000	123.985771	27.200000
395.000000	19771.000000	123.856735	27.200000
396.000000	19821.000000	123.862427	27.200000
397.000000	19871.000000	123.865273	27.100000
398.000000	19921.000000	123.889946	27.100000
399.000000	19971.000000	123.909866	27.100000
400.000000	20021.000000	123.862427	27.100000
401.000000	20071.000000	123.933586	27.200000
402.000000	20121.000000	123.975334	27.200000
403.000000	20171.000000	123.828270	27.200000
404.000000	20221.000000	123.913666	27.200000
405.000000	20271.000000	123.883301	27.200000
406.000000	20321.000000	123.892792	27.200000
407.000000	20371.000000	123.923149	27.200000
408.000000	20421.000000	123.888046	27.200000
409.000000	20471.000000	123.896584	27.200000
410.000000	20521.000000	123.903229	27.200000
411.000000	20571.000000	123.859581	27.200000
412.000000	20621.000000	123.826378	27.200000
413.000000	20671.000000	123.900383	27.200000
414.000000	20721.000000	123.945923	27.200000
415.000000	20771.000000	123.848198	27.200000
416.000000	20821.000000	123.914612	27.200000
417.000000	20871.000000	123.826378	27.200000
418.000000	20921.000000	123.898483	27.200000
419.000000	20971.000000	123.878555	27.200000
420.000000	21021.000000	123.874763	27.200000
421.000000	21071.000000	123.888992	27.200000
422.000000	21121.000000	123.833015	27.200000
423.000000	21171.000000	123.909866	27.200000
424.000000	21221.000000	123.865273	27.200000
425.000000	21271.000000	123.861481	27.200000
426.000000	21321.000000	123.861481	27.200000
427.000000	21371.000000	123.833015	27.200000
428.000000	21421.000000	123.818787	27.200000
429.000000	21471.000000	123.891838	27.200000
430.000000	21521.000000	123.893738	27.200000
431.000000	21571.000000	123.823532	27.200000
432.000000	21621.000000	123.807404	27.200000
433.000000	21671.000000	123.886147	27.200000
434.000000	21721.000000	123.833969	27.200000
435.000000	21771.000000	123.853889	27.200000
436.000000	21821.000000	123.770401	27.200000
437.000000	21871.000000	123.757118	27.200000
438.000000	21921.000000	123.796013	27.200000
439.000000	21971.000000	123.816887	27.200000
440.000000	22021.000000	123.819733	27.200000
441.000000	22071.000000	123.778938	27.200000
442.000000	22121.000000	123.833015	27.200000
443.000000	22171.000000	123.785576	27.200000
444.000000	22221.000000	123.886147	27.200000
445.000000	22271.000000	123.821632	27.200000
446.000000	22321.000000	123.728653	27.200000
447.000000	22371.000000	123.796013	27.200000
448.000000	22421.000000	123.801704	27.200000
449.000000	22471.000000	123.767555	27.200000
450.000000	22521.000000	123.722961	27.200000
451.000000	22571.000000	123.783684	27.200000
452.000000	22621.000000	123.760910	27.200000
453.000000	22671.000000	123.795067	27.200000
454.000000	22721.000000	123.816887	27.200000
455.000000	22771.000000	123.759964	27.200000
456.000000	22821.000000	123.788422	27.200000
457.000000	22871.000000	123.827324	27.200000
458.000000	22921.000000	123.750473	27.200000
459.000000	22971.000000	123.867172	27.200000
460.000000	23021.000000	123.784630	27.200000
461.000000	23071.000000	123.799812	27.200000
462.000000	23121.000000	123.812141	27.200000
463.000000	23171.000000	123.725807	27.200000
464.000000	23221.000000	123.796967	27.200000
465.000000	23271.000000	123.782730	27.200000
466.000000	23321.000000	123.801704	27.200000
467.000000	23371.000000	123.727707	27.200000
468.000000	23421.000000	123.777992	27.200000
469.000000	23471.000000	123.786530	27.200000
470.000000	23521.000000	123.753319	27.200000
471.000000	23571.000000	123.775139	27.200000
472.000000	23621.000000	123.707779	27.200000
473.000000	23671.000000	123.760910	27.200000
474.000000	23721.000000	123.740990	27.200000
475.000000	23771.000000	123.745728	27.200000
476.000000	23821.000000	123.730553	27.200000
477.000000	23871.000000	123.797913	27.200000
478.000000	23921.000000	123.793167	27.200000
479.000000	23971.000000	123.736244	27.200000
480.000000	24021.000000	123.810249	27.200000
481.000000	24072.000000	123.778938	27.200000
