0.000000	6.000000	120.037003	27.200000
1.000000	56.000000	120.111008	27.200000
2.000000	106.000000	120.096771	27.200000
3.000000	156.000000	120.113853	27.200000
4.000000	206.000000	120.123337	27.200000
5.000000	256.000000	120.069260	27.200000
6.000000	306.000000	120.081596	27.200000
7.000000	356.000000	120.073051	27.200000
8.000000	406.000000	120.187859	27.200000
9.000000	456.000000	120.148956	27.200000
10.000000	506.000000	120.109108	27.200000
11.000000	556.000000	120.125237	27.200000
12.000000	606.000000	120.122391	27.200000
13.000000	656.000000	120.092979	27.200000
14.000000	706.000000	120.092979	27.200000
15.000000	756.000000	120.119545	27.200000
16.000000	806.000000	120.049339	27.200000
17.000000	856.000000	120.052185	27.200000
18.000000	906.000000	120.105316	27.200000
19.000000	956.000000	120.084442	27.200000
20.000000	1006.000000	120.080643	27.200000
21.000000	1056.000000	120.118599	27.200000
22.000000	1106.000000	120.074005	27.200000
23.000000	1156.000000	120.125237	27.200000
24.000000	1206.000000	120.137573	27.200000
25.000000	1256.000000	120.168877	27.200000
26.000000	1306.000000	120.059769	27.200000
27.000000	1356.000000	120.109108	27.200000
28.000000	1406.000000	120.156548	27.200000
29.000000	1456.000000	120.092033	27.200000
30.000000	1506.000000	120.152748	27.200000
31.000000	1556.000000	120.061668	27.200000
32.000000	1606.000000	120.127136	27.200000
33.000000	1656.000000	120.089188	27.200000
34.000000	1706.000000	120.149902	27.200000
35.000000	1756.000000	120.037949	27.200000
36.000000	1806.000000	120.155602	27.200000
37.000000	1856.000000	120.111954	27.200000
38.000000	1906.000000	120.075905	27.200000
39.000000	1956.000000	120.039848	27.200000
40.000000	2006.000000	120.129036	27.200000
41.000000	2056.000000	120.127136	27.200000
42.000000	2106.000000	120.110054	27.200000
43.000000	2156.000000	120.155602	27.200000
44.000000	2206.000000	120.084442	27.200000
45.000000	2256.000000	120.121445	27.200000
46.000000	2306.000000	120.049339	27.200000
47.000000	2356.000000	120.056923	27.200000
48.000000	2406.000000	120.032257	27.200000
49.000000	2456.000000	120.073051	27.200000
50.000000	2506.000000	120.074005	27.200000
51.000000	2556.000000	120.074005	27.200000
52.000000	2606.000000	120.101517	27.200000
53.000000	2656.000000	120.091080	27.200000
54.000000	2706.000000	120.144211	27.200000
55.000000	2756.000000	119.966797	27.200000
56.000000	2806.000000	120.124290	27.200000
57.000000	2856.000000	120.092979	27.200000
58.000000	2906.000000	120.189751	27.200000
59.000000	2956.000000	120.082542	27.200000
60.000000	3006.000000	120.038902	27.200000
61.000000	3056.000000	120.055031	27.200000
62.000000	3106.000000	120.043640	27.200000
63.000000	3156.000000	120.125237	27.200000
64.000000	3206.000000	120.118599	27.200000
65.000000	3256.000000	120.049339	27.200000
66.000000	3306.000000	120.134727	27.200000
67.000000	3356.000000	120.043640	27.200000
68.000000	3406.000000	120.104362	27.200000
69.000000	3456.000000	120.174576	27.200000
70.000000	3506.000000	120.097725	27.200000
71.000000	3556.000000	120.065468	27.200000
72.000000	3606.000000	120.079697	27.200000
73.000000	3656.000000	120.102470	27.200000
74.000000	3706.000000	120.111954	27.200000
75.000000	3756.000000	120.093925	27.200000
76.000000	3806.000000	120.102470	27.200000
77.000000	3856.000000	120.149902	27.200000
78.000000	3906.000000	120.087288	27.200000
79.000000	3956.000000	120.137573	27.200000
80.000000	4006.000000	120.182159	27.200000
81.000000	4056.000000	120.160339	27.200000
82.000000	4106.000000	120.168877	27.200000
83.000000	4156.000000	120.122391	27.200000
84.000000	4206.000000	120.075905	27.200000
85.000000	4256.000000	120.044594	27.200000
86.000000	4306.000000	120.140419	27.200000
87.000000	4356.000000	120.111954	27.200000
88.000000	4406.000000	120.194496	27.200000
89.000000	4456.000000	120.092979	27.200000
90.000000	4506.000000	120.142319	27.200000
91.000000	4556.000000	120.109108	27.200000
92.000000	4606.000000	120.148010	27.200000
93.000000	4656.000000	120.181213	27.200000
94.000000	4706.000000	120.163185	27.200000
95.000000	4756.000000	120.172676	27.200000
96.000000	4806.000000	120.151802	27.200000
97.000000	4856.000000	120.202087	27.200000
98.000000	4906.000000	120.201141	27.200000
99.000000	4956.000000	120.097725	27.200000
100.000000	5006.000000	120.075905	27.200000
101.000000	5056.000000	120.119545	27.200000
102.000000	5106.000000	120.128082	27.200000
103.000000	5156.000000	120.151802	27.200000
104.000000	5206.000000	120.023720	27.200000
105.000000	5256.000000	120.150856	27.200000
106.000000	5306.000000	120.083488	27.200000
107.000000	5356.000000	120.160339	27.200000
108.000000	5406.000000	120.038902	27.200000
109.000000	5456.000000	120.161293	27.200000
110.000000	5506.000000	120.141365	27.200000
111.000000	5556.000000	120.160339	27.200000
112.000000	5606.000000	120.142319	27.200000
113.000000	5656.000000	120.126183	27.200000
114.000000	5706.000000	120.124290	27.200000
115.000000	5756.000000	120.143265	27.200000
116.000000	5806.000000	120.101517	27.200000
117.000000	5856.000000	120.088234	27.200000
118.000000	5906.000000	120.112900	27.200000
119.000000	5956.000000	120.135674	27.200000
120.000000	6006.000000	120.083488	27.200000
121.000000	6056.000000	120.110054	27.200000
122.000000	6106.000000	120.094879	27.200000
123.000000	6156.000000	120.219162	27.200000
124.000000	6206.000000	120.187859	27.200000
125.000000	6256.000000	120.104362	27.200000
126.000000	6306.000000	120.140419	27.200000
127.000000	6356.000000	120.186905	27.200000
128.000000	6406.000000	120.106262	27.200000
129.000000	6456.000000	120.114799	27.200000
130.000000	6506.000000	120.194496	27.200000
131.000000	6556.000000	120.111008	27.200000
132.000000	6606.000000	120.074951	27.200000
133.000000	6656.000000	120.068314	27.200000
134.000000	6706.000000	120.104362	27.200000
135.000000	6756.000000	120.056923	27.200000
136.000000	6806.000000	120.118599	27.200000
137.000000	6856.000000	120.185959	27.200000
138.000000	6906.000000	120.138519	27.200000
139.000000	6956.000000	120.128082	27.200000
140.000000	7006.000000	120.144211	27.200000
141.000000	7056.000000	120.127136	27.200000
142.000000	7106.000000	120.144211	27.200000
143.000000	7156.000000	120.105316	27.200000
144.000000	7206.000000	120.133774	27.200000
145.000000	7256.000000	120.180267	27.200000
146.000000	7306.000000	120.123337	27.200000
147.000000	7356.000000	120.167931	27.200000
148.000000	7406.000000	120.108162	27.200000
149.000000	7456.000000	120.129982	27.200000
150.000000	7506.000000	120.158447	27.200000
151.000000	7556.000000	120.160339	27.200000
152.000000	7606.000000	120.169830	27.200000
153.000000	7656.000000	120.145164	27.200000
154.000000	7706.000000	120.171730	27.200000
155.000000	7756.000000	120.157494	27.200000
156.000000	7806.000000	120.171730	27.200000
157.000000	7856.000000	120.188805	27.200000
158.000000	7906.000000	120.129982	27.200000
159.000000	7956.000000	120.095825	27.200000
160.000000	8006.000000	120.158447	27.200000
161.000000	8056.000000	120.169830	27.200000
162.000000	8106.000000	120.141365	27.200000
163.000000	8156.000000	120.161293	27.200000
164.000000	8206.000000	120.089188	27.200000
165.000000	8256.000000	120.202087	27.200000
166.000000	8306.000000	120.110054	27.200000
167.000000	8356.000000	120.121445	27.200000
168.000000	8406.000000	120.151802	27.200000
169.000000	8456.000000	120.164139	27.200000
170.000000	8506.000000	120.122391	27.200000
171.000000	8556.000000	120.129982	27.200000
172.000000	8606.000000	120.161293	27.200000
173.000000	8656.000000	120.115753	27.200000
174.000000	8706.000000	120.060722	27.200000
175.000000	8756.000000	120.126183	27.200000
176.000000	8806.000000	120.114799	27.200000
177.000000	8856.000000	120.134727	27.200000
178.000000	8906.000000	120.083488	27.200000
179.000000	8956.000000	120.094879	27.200000
180.000000	9006.000000	120.148010	27.200000
181.000000	9056.000000	120.166985	27.200000
182.000000	9106.000000	120.073051	27.200000
183.000000	9156.000000	120.141365	27.200000
184.000000	9206.000000	120.152748	27.200000
185.000000	9256.000000	120.164139	27.200000
186.000000	9306.000000	120.172676	27.200000
187.000000	9356.000000	120.227707	27.200000
188.000000	9406.000000	120.157494	27.200000
189.000000	9456.000000	120.136620	27.200000
190.000000	9506.000000	120.155602	27.200000
191.000000	9556.000000	120.143265	27.200000
192.000000	9606.000000	120.124290	27.200000
193.000000	9656.000000	120.167931	27.200000
194.000000	9706.000000	120.105316	27.200000
195.000000	9756.000000	120.140419	27.200000
196.000000	9806.000000	120.120491	27.200000
197.000000	9856.000000	120.168877	27.200000
198.000000	9906.000000	120.136620	27.200000
199.000000	9956.000000	120.150856	27.200000
200.000000	10006.000000	120.134727	27.200000
201.000000	10056.000000	120.194496	27.200000
202.000000	10106.000000	120.150856	27.200000
203.000000	10156.000000	120.626183	27.200000
204.000000	10206.000000	120.940231	27.200000
205.000000	10256.000000	121.394684	27.200000
206.000000	10306.000000	121.586334	27.200000
207.000000	10356.000000	121.972488	27.200000
208.000000	10406.000000	122.148010	27.200000
209.000000	10456.000000	122.454460	27.200000
210.000000	10506.000000	122.589188	27.200000
211.000000	10556.000000	122.897530	27.200000
212.000000	10606.000000	123.102470	27.200000
213.000000	10656.000000	123.158447	27.200000
214.000000	10706.000000	123.102470	27.200000
215.000000	10756.000000	123.026566	27.200000
216.000000	10806.000000	123.009491	27.200000
217.000000	10856.000000	122.969643	27.200000
218.000000	10906.000000	123.020874	27.200000
219.000000	10956.000000	122.936432	27.200000
220.000000	11006.000000	122.894684	27.200000
221.000000	11056.000000	122.948769	27.200000
222.000000	11106.000000	122.925049	27.200000
223.000000	11156.000000	123.176468	27.200000
224.000000	11206.000000	123.388046	27.200000
225.000000	11256.000000	123.612900	27.200000
226.000000	11306.000000	123.888992	27.200000
227.000000	11356.000000	124.072105	27.200000
228.000000	11406.000000	124.221062	27.200000
229.000000	11456.000000	124.390892	27.200000
230.000000	11506.000000	124.516129	27.200000
231.000000	11556.000000	124.753319	27.200000
232.000000	11606.000000	124.865273	27.200000
233.000000	11656.000000	124.887100	27.200000
234.000000	11707.000000	124.730553	27.200000
235.000000	11756.000000	124.771347	27.200000
236.000000	11806.000000	124.681213	27.200000
237.000000	11856.000000	124.625237	27.200000
238.000000	11906.000000	124.647057	27.200000
239.000000	11956.000000	124.650856	27.200000
240.000000	12006.000000	124.643265	27.200000
241.000000	12056.000000	124.674576	27.200000
242.000000	12106.000000	124.552185	27.200000
243.000000	12156.000000	124.610054	27.200000
244.000000	12206.000000	124.635674	27.200000
245.000000	12256.000000	124.620491	27.200000
246.000000	12306.000000	124.595825	27.200000
247.000000	12356.000000	124.555977	27.200000
248.000000	12407.000000	124.545540	27.200000
249.000000	12456.000000	124.643265	27.200000
250.000000	12506.000000	124.527512	27.200000
251.000000	12556.000000	124.559769	27.200000
252.000000	12606.000000	124.462051	27.200000
253.000000	12656.000000	124.541748	27.200000
254.000000	12706.000000	124.447815	27.200000
255.000000	12756.000000	124.507591	27.200000
256.000000	12806.000000	124.423149	27.200000
257.000000	12856.000000	124.440231	27.200000
258.000000	12906.000000	124.420303	27.200000
259.000000	12956.000000	124.463943	27.200000
260.000000	13006.000000	124.446869	27.200000
261.000000	13056.000000	124.497154	27.200000
262.000000	13106.000000	124.368118	27.200000
263.000000	13156.000000	124.689751	27.200000
264.000000	13206.000000	124.957306	27.200000
265.000000	13256.000000	125.129036	27.200000
266.000000	13306.000000	125.193550	27.200000
267.000000	13356.000000	125.494308	27.200000
268.000000	13406.000000	125.597725	27.200000
269.000000	13456.000000	125.744781	27.200000
270.000000	13506.000000	125.876663	27.200000
271.000000	13556.000000	126.068314	27.200000
272.000000	13606.000000	126.187859	27.200000
273.000000	13656.000000	126.270401	27.200000
274.000000	13706.000000	126.107208	27.200000
275.000000	13756.000000	126.121445	27.200000
276.000000	13806.000000	126.078751	27.200000
277.000000	13856.000000	126.033203	27.200000
278.000000	13906.000000	125.935486	27.200000
279.000000	13956.000000	126.018028	27.200000
280.000000	14006.000000	125.914612	27.200000
281.000000	14056.000000	125.958252	27.200000
282.000000	14106.000000	125.826378	27.200000
283.000000	14156.000000	125.932640	27.200000
284.000000	14206.000000	125.823532	27.200000
285.000000	14256.000000	125.856735	27.200000
286.000000	14306.000000	125.765656	27.200000
287.000000	14356.000000	125.792221	27.200000
288.000000	14406.000000	125.761856	27.200000
289.000000	14456.000000	125.797913	27.200000
290.000000	14506.000000	125.803604	27.200000
291.000000	14556.000000	125.873817	27.200000
292.000000	14606.000000	125.707779	27.200000
293.000000	14656.000000	125.745728	27.200000
294.000000	14706.000000	125.755219	27.200000
295.000000	14756.000000	125.754272	27.200000
296.000000	14806.000000	125.711578	27.200000
297.000000	14856.000000	125.720116	27.200000
298.000000	14906.000000	125.698296	27.200000
299.000000	14956.000000	125.755219	27.200000
300.000000	15006.000000	125.669830	27.200000
301.000000	15056.000000	125.764709	27.200000
302.000000	15106.000000	125.664139	27.200000
303.000000	15156.000000	125.708725	27.200000
304.000000	15207.000000	125.650856	27.200000
305.000000	15256.000000	125.651802	27.200000
306.000000	15306.000000	125.613853	27.200000
307.000000	15356.000000	125.644211	27.200000
308.000000	15406.000000	125.552185	27.200000
309.000000	15456.000000	125.619545	27.200000
310.000000	15506.000000	125.588234	27.200000
311.000000	15556.000000	125.575905	27.200000
312.000000	15606.000000	125.557877	27.200000
313.000000	15656.000000	125.648010	27.200000
314.000000	15706.000000	125.562622	27.200000
315.000000	15756.000000	125.568314	27.200000
316.000000	15806.000000	125.471535	27.200000
317.000000	15856.000000	125.525620	27.200000
318.000000	15906.000000	125.528465	27.200000
319.000000	15956.000000	125.607208	27.200000
320.000000	16006.000000	125.504745	27.200000
321.000000	16056.000000	125.494308	27.200000
322.000000	16106.000000	125.514229	27.200000
323.000000	16156.000000	125.547440	27.200000
324.000000	16206.000000	125.442123	27.200000
325.000000	16256.000000	125.521820	27.200000
326.000000	16306.000000	125.433586	27.200000
327.000000	16356.000000	125.520874	27.200000
328.000000	16406.000000	125.402275	27.200000
329.000000	16456.000000	125.495255	27.200000
330.000000	16506.000000	125.439278	27.200000
331.000000	16556.000000	125.438332	27.200000
332.000000	16606.000000	125.468689	27.200000
333.000000	16656.000000	125.463943	27.200000
334.000000	16706.000000	125.400383	27.200000
335.000000	16756.000000	125.425995	27.200000
336.000000	16806.000000	125.443077	27.200000
337.000000	16856.000000	125.465843	27.200000
338.000000	16906.000000	125.373817	27.200000
339.000000	16956.000000	125.397530	27.200000
340.000000	17006.000000	125.355789	27.200000
341.000000	17056.000000	125.392792	27.200000
342.000000	17106.000000	125.339661	27.200000
343.000000	17156.000000	125.331123	27.200000
344.000000	17206.000000	125.348198	27.200000
345.000000	17256.000000	125.440231	27.200000
346.000000	17306.000000	125.239090	27.200000
347.000000	17356.000000	125.390892	27.200000
348.000000	17406.000000	125.343452	27.200000
349.000000	17456.000000	125.433586	27.200000
350.000000	17506.000000	125.353889	27.200000
351.000000	17556.000000	125.346298	27.200000
352.000000	17606.000000	125.314987	27.200000
353.000000	17656.000000	125.347252	27.200000
354.000000	17706.000000	125.349144	27.200000
355.000000	17756.000000	125.283684	27.200000
356.000000	17806.000000	125.260910	27.200000
357.000000	17856.000000	125.322578	27.200000
358.000000	17906.000000	125.295067	27.200000
359.000000	17956.000000	125.253319	27.200000
360.000000	18006.000000	125.227707	27.200000
361.000000	18056.000000	125.332069	27.200000
362.000000	18106.000000	125.266602	27.200000
363.000000	18156.000000	125.353889	27.200000
364.000000	18206.000000	125.307404	27.200000
365.000000	18256.000000	125.290321	27.200000
366.000000	18306.000000	125.287476	27.200000
367.000000	18356.000000	125.245728	27.200000
368.000000	18406.000000	125.216316	27.200000
369.000000	18456.000000	125.249527	27.200000
370.000000	18506.000000	125.240036	27.200000
371.000000	18556.000000	125.264709	27.200000
372.000000	18606.000000	125.300758	27.200000
373.000000	18656.000000	125.237190	27.200000
374.000000	18706.000000	125.219162	27.200000
375.000000	18756.000000	125.355789	27.200000
376.000000	18806.000000	125.188805	27.200000
377.000000	18856.000000	125.303604	27.200000
378.000000	18906.000000	125.172676	27.200000
379.000000	18956.000000	125.272293	27.200000
380.000000	19006.000000	125.191650	27.200000
381.000000	19056.000000	125.256165	27.200000
382.000000	19106.000000	125.172676	27.200000
383.000000	19156.000000	125.230553	27.200000
384.000000	19206.000000	125.169830	27.200000
385.000000	19256.000000	125.174576	27.200000
386.000000	19306.000000	125.113853	27.200000
387.000000	19356.000000	125.179314	27.200000
388.000000	19406.000000	125.148010	27.200000
389.000000	19456.000000	125.235291	27.200000
390.000000	19506.000000	125.203033	27.200000
391.000000	19556.000000	125.252373	27.200000
392.000000	19606.000000	125.180267	27.200000
393.000000	19656.000000	125.253319	27.200000
394.000000	19706.000000	125.137573	27.200000
395.000000	19756.000000	125.165085	27.200000
396.000000	19806.000000	125.118599	27.200000
397.000000	19856.000000	125.150856	27.200000
398.000000	19906.000000	125.131882	27.200000
399.000000	19956.000000	125.185959	27.200000
400.000000	20006.000000	125.111008	27.200000
401.000000	20056.000000	125.111954	27.200000
402.000000	20106.000000	125.095825	27.200000
403.000000	20156.000000	125.145164	27.200000
404.000000	20206.000000	125.103416	27.200000
405.000000	20256.000000	125.129036	27.200000
406.000000	20306.000000	125.058823	27.200000
407.000000	20356.000000	125.129982	27.200000
408.000000	20406.000000	125.135674	27.200000
409.000000	20456.000000	125.132828	27.200000
410.000000	20506.000000	125.097725	27.200000
411.000000	20556.000000	125.094879	27.200000
412.000000	20606.000000	125.044594	27.200000
413.000000	20656.000000	125.044594	27.200000
414.000000	20706.000000	125.037949	27.200000
415.000000	20756.000000	125.079697	27.200000
416.000000	20806.000000	125.068314	27.200000
417.000000	20856.000000	125.150856	27.200000
418.000000	20906.000000	125.047440	27.200000
419.000000	20956.000000	125.132828	27.200000
420.000000	21006.000000	125.090134	27.200000
421.000000	21056.000000	125.135674	27.200000
422.000000	21106.000000	125.107208	27.200000
423.000000	21156.000000	125.148010	27.200000
424.000000	21206.000000	125.095825	27.200000
425.000000	21256.000000	125.102470	27.200000
426.000000	21306.000000	125.015182	27.200000
427.000000	21356.000000	125.039848	27.200000
428.000000	21406.000000	125.036057	27.200000
429.000000	21456.000000	125.002846	27.200000
430.000000	21506.000000	125.042694	27.200000
431.000000	21556.000000	125.068314	27.200000
432.000000	21606.000000	124.987663	27.200000
433.000000	21656.000000	125.053131	27.200000
434.000000	21706.000000	125.002846	27.200000
435.000000	21756.000000	125.119545	27.200000
436.000000	21806.000000	124.978180	27.200000
437.000000	21856.000000	125.081596	27.200000
438.000000	21906.000000	125.055977	27.200000
439.000000	21956.000000	125.025620	27.200000
440.000000	22006.000000	125.051231	27.200000
441.000000	22056.000000	125.073051	27.200000
442.000000	22106.000000	125.023720	27.200000
443.000000	22156.000000	125.050285	27.200000
444.000000	22206.000000	125.000000	27.200000
445.000000	22256.000000	124.985771	27.200000
446.000000	22306.000000	124.950661	27.200000
447.000000	22356.000000	124.997154	27.200000
448.000000	22406.000000	124.972488	27.200000
449.000000	22456.000000	124.998100	27.200000
450.000000	22506.000000	124.980080	27.200000
451.000000	22556.000000	125.010437	27.200000
452.000000	22606.000000	124.985771	27.200000
453.000000	22656.000000	124.997154	27.200000
454.000000	22706.000000	124.978180	27.200000
455.000000	22756.000000	125.039848	27.200000
456.000000	22806.000000	124.962051	27.200000
457.000000	22856.000000	124.932640	27.200000
458.000000	22906.000000	124.944023	27.200000
459.000000	22956.000000	124.946869	27.200000
460.000000	23006.000000	124.986717	27.200000
461.000000	23056.000000	124.984818	27.200000
462.000000	23106.000000	124.912712	27.200000
463.000000	23156.000000	124.974380	27.200000
464.000000	23206.000000	124.908920	27.200000
465.000000	23256.000000	124.923149	27.200000
466.000000	23306.000000	124.914612	27.200000
467.000000	23356.000000	124.977226	27.200000
468.000000	23406.000000	124.891838	27.200000
469.000000	23456.000000	125.021820	27.200000
470.000000	23506.000000	124.917458	27.200000
471.000000	23556.000000	124.991463	27.200000
472.000000	23606.000000	124.872864	27.200000
473.000000	23656.000000	124.934532	27.200000
474.000000	23706.000000	124.884247	27.200000
475.000000	23756.000000	124.925995	27.200000
476.000000	23806.000000	124.957306	27.200000
477.000000	23856.000000	124.889946	27.200000
478.000000	23906.000000	124.909866	27.200000
479.000000	23956.000000	124.885201	27.200000
480.000000	24006.000000	124.911766	27.200000
481.000000	24056.000000	124.922203	27.200000
