4.824089050292968750e+00 -7.644951820373535156e+00 5.000000000000000000e+00
1.581035804748535156e+01 -1.817804908752441406e+01 0.000000000000000000e+00
-1.489565181732177734e+01 -7.310926914215087891e-01 4.000000000000000000e+00
-8.295878022909164429e-02 -8.141802251338958740e-02 1.000000000000000000e+00
-1.191744518280029297e+01 1.120986652374267578e+01 9.000000000000000000e+00
1.677009582519531250e+01 -1.004345703125000000e+01 2.000000000000000000e+00
-1.075437903404235840e+00 2.572910547256469727e+00 1.000000000000000000e+00
-1.207709789276123047e+00 -1.707115745544433594e+01 3.000000000000000000e+00
-1.954522490501403809e+00 3.168971538543701172e+00 1.000000000000000000e+00
-1.411641120910644531e+01 6.889806747436523438e+00 4.000000000000000000e+00
3.129818916320800781e+00 -1.335340690612792969e+01 3.000000000000000000e+00
1.097461605072021484e+01 8.370237350463867188e+00 5.000000000000000000e+00
-1.477844238281250000e+00 -1.228483867645263672e+01 3.000000000000000000e+00
1.889320182800292969e+01 2.246655941009521484e+00 6.000000000000000000e+00
-6.773857116699218750e+00 -2.733588695526123047e+00 1.000000000000000000e+00
-1.117622661590576172e+01 1.728381919860839844e+01 7.000000000000000000e+00
9.031807899475097656e+00 -1.301465129852294922e+01 2.000000000000000000e+00
-2.364648103713989258e+00 1.343057727813720703e+01 8.000000000000000000e+00
4.221087455749511719e+00 -1.211422061920166016e+01 6.000000000000000000e+00
-4.876320362091064453e+00 1.389623451232910156e+01 9.000000000000000000e+00
-1.910331344604492188e+01 -2.000555753707885742e+00 4.000000000000000000e+00
1.437471389770507812e+01 -1.798636627197265625e+01 0.000000000000000000e+00
-5.723080158233642578e+00 1.130843639373779297e+01 9.000000000000000000e+00
1.076418280601501465e+00 1.395264983177185059e+00 1.000000000000000000e+00
4.756632804870605469e+00 4.040322780609130859e+00 1.000000000000000000e+00
-7.459948658943176270e-01 -2.199088287353515625e+01 2.000000000000000000e+00
-5.402289867401123047e+00 2.084671735763549805e+00 4.000000000000000000e+00
-1.435278415679931641e+00 -1.665123748779296875e+01 3.000000000000000000e+00
-1.711316680908203125e+01 1.674056625366210938e+01 2.000000000000000000e+00
-4.203013420104980469e+00 1.878556251525878906e+01 7.000000000000000000e+00
3.821806907653808594e+00 2.495194911956787109e+00 3.000000000000000000e+00
-6.870282649993896484e+00 -1.331810951232910156e+00 8.000000000000000000e+00
1.799579238891601562e+01 -1.341288805007934570e+00 6.000000000000000000e+00
-6.615636348724365234e+00 1.675822448730468750e+01 9.000000000000000000e+00
1.531553459167480469e+01 -7.712658405303955078e+00 0.000000000000000000e+00
5.050154685974121094e+00 1.134876251220703125e+01 5.000000000000000000e+00
1.181593132019042969e+01 -1.514098048210144043e-01 6.000000000000000000e+00
1.662807655334472656e+01 -1.244282245635986328e+01 0.000000000000000000e+00
-1.011273670196533203e+01 8.671193122863769531e-01 7.000000000000000000e+00
1.592131710052490234e+01 -7.410846948623657227e-01 6.000000000000000000e+00
2.895801305770874023e+00 1.029733657836914062e+00 1.000000000000000000e+00
-4.076449275016784668e-01 1.370143318176269531e+01 8.000000000000000000e+00
-7.582227230072021484e+00 5.959580898284912109e+00 7.000000000000000000e+00
-4.068676471710205078e+00 1.006449222564697266e+01 9.000000000000000000e+00
-3.139531612396240234e+00 -3.322202920913696289e+00 3.000000000000000000e+00
-1.161852741241455078e+01 9.892040252685546875e+00 9.000000000000000000e+00
-3.255154371261596680e+00 5.488161087036132812e+00 8.000000000000000000e+00
6.692911148071289062e+00 1.140910339355468750e+01 5.000000000000000000e+00
-5.448940396308898926e-01 -6.206127166748046875e+00 9.000000000000000000e+00
-5.225662589073181152e-01 -1.660676765441894531e+01 3.000000000000000000e+00
4.325302600860595703e+00 -1.452130508422851562e+01 3.000000000000000000e+00
1.236704444885253906e+01 -1.380729675292968750e+01 0.000000000000000000e+00
-2.005691337585449219e+01 1.575279426574707031e+01 7.000000000000000000e+00
-2.705176591873168945e+00 8.570137977600097656e+00 4.000000000000000000e+00
-1.865882492065429688e+01 1.340569782257080078e+01 9.000000000000000000e+00
-1.969669222831726074e+00 1.206189346313476562e+01 8.000000000000000000e+00
8.401101112365722656e+00 -2.337698554992675781e+01 0.000000000000000000e+00
-8.541486740112304688e+00 1.195255565643310547e+01 9.000000000000000000e+00
-2.076177406311035156e+01 -2.973832130432128906e+00 4.000000000000000000e+00
1.049845337867736816e+00 -1.194157600402832031e+00 1.000000000000000000e+00
-1.964883422851562500e+01 6.732170581817626953e-01 4.000000000000000000e+00
-3.298398017883300781e+00 1.052699089050292969e+01 4.000000000000000000e+00
1.235621929168701172e+01 -4.088176250457763672e+00 6.000000000000000000e+00
1.785307312011718750e+01 -1.636354064941406250e+01 0.000000000000000000e+00
-1.440850067138671875e+01 -2.691296100616455078e+00 4.000000000000000000e+00
1.016869544982910156e+01 1.126014900207519531e+01 5.000000000000000000e+00
1.632733917236328125e+01 -1.767333388328552246e+00 6.000000000000000000e+00
-1.685353875160217285e+00 1.593807578086853027e+00 1.000000000000000000e+00
9.205288887023925781e+00 -2.774242210388183594e+01 0.000000000000000000e+00
1.209616279602050781e+01 -9.525646209716796875e+00 0.000000000000000000e+00
5.487392902374267578e+00 -8.960809707641601562e+00 1.000000000000000000e+00
-6.324605941772460938e+00 1.963365936279296875e+01 7.000000000000000000e+00
-3.106911182403564453e+00 -2.644101858139038086e+00 1.000000000000000000e+00
1.958453559875488281e+01 2.433483362197875977e+00 6.000000000000000000e+00
1.491153001785278320e+00 -9.021858215332031250e+00 3.000000000000000000e+00
1.354774951934814453e+01 -1.268300342559814453e+01 0.000000000000000000e+00
4.609049320220947266e+00 -4.459936618804931641e+00 2.000000000000000000e+00
4.109798669815063477e-01 -5.252116322517395020e-01 1.000000000000000000e+00
9.894538521766662598e-01 1.448519468307495117e+00 1.000000000000000000e+00
-5.517510414123535156e+00 1.893664550781250000e+01 7.000000000000000000e+00
7.397108554840087891e+00 -1.040583419799804688e+01 9.000000000000000000e+00
1.402361488342285156e+01 -1.254839134216308594e+01 0.000000000000000000e+00
1.173001480102539062e+01 -1.444201755523681641e+01 2.000000000000000000e+00
2.079922676086425781e+01 1.521197438240051270e+00 6.000000000000000000e+00
-1.989001846313476562e+01 1.376326656341552734e+01 7.000000000000000000e+00
-3.926714897155761719e+00 -1.920944976806640625e+01 8.000000000000000000e+00
-4.150092124938964844e+00 -5.242826461791992188e+00 3.000000000000000000e+00
-8.551082611083984375e+00 1.336020469665527344e+01 9.000000000000000000e+00
1.060619258880615234e+01 -2.124551391601562500e+01 0.000000000000000000e+00
-1.767777633666992188e+01 6.272620677947998047e+00 4.000000000000000000e+00
1.445208740234375000e+01 -3.812909126281738281e+00 6.000000000000000000e+00
-1.315725612640380859e+01 2.042932891845703125e+01 7.000000000000000000e+00
-8.822013854980468750e+00 -2.279358148574829102e+00 4.000000000000000000e+00
1.960578155517578125e+01 1.400787353515625000e+00 6.000000000000000000e+00
-1.340169787406921387e+00 1.193631172180175781e+01 8.000000000000000000e+00
1.513160324096679688e+01 -1.207019901275634766e+01 0.000000000000000000e+00
-7.876342773437500000e+00 5.827060222625732422e+00 7.000000000000000000e+00
-6.173057556152343750e-01 1.361816978454589844e+01 8.000000000000000000e+00
1.327685236930847168e+00 -8.729180335998535156e+00 3.000000000000000000e+00
-9.829696416854858398e-01 -6.972258090972900391e-01 1.000000000000000000e+00
-9.280688285827636719e+00 6.710300445556640625e+00 5.000000000000000000e+00
-1.439985275268554688e+01 1.981395530700683594e+01 7.000000000000000000e+00
-7.891055107116699219e+00 -2.845508337020874023e+00 1.000000000000000000e+00
-1.459935092926025391e+01 1.424517917633056641e+01 7.000000000000000000e+00
-5.197566986083984375e+00 2.472189903259277344e+00 1.000000000000000000e+00
3.220610141754150391e+00 -1.703807711601257324e+00 1.000000000000000000e+00
1.110288906097412109e+01 -3.821996212005615234e+00 6.000000000000000000e+00
6.870984435081481934e-01 -1.949594688415527344e+01 3.000000000000000000e+00
9.667837142944335938e+00 -2.680350303649902344e+01 0.000000000000000000e+00
-9.015235900878906250e+00 -4.488373100757598877e-01 2.000000000000000000e+00
-1.258423709869384766e+01 -3.915004968643188477e+00 9.000000000000000000e+00
-2.079191923141479492e+00 -1.707423591613769531e+01 3.000000000000000000e+00
3.611163616180419922e+00 2.508824348449707031e+00 1.000000000000000000e+00
6.106918811798095703e+00 -1.662802219390869141e+00 1.000000000000000000e+00
1.564429664611816406e+01 -2.279760932922363281e+01 0.000000000000000000e+00
-1.202093696594238281e+01 1.189839076995849609e+01 4.000000000000000000e+00
-8.052997589111328125e+00 1.261142063140869141e+01 9.000000000000000000e+00
-6.191187858581542969e+00 -7.569962978363037109e+00 2.000000000000000000e+00
5.101132392883300781e+00 -1.192722606658935547e+01 0.000000000000000000e+00
1.661441421508789062e+01 -1.626153564453125000e+01 0.000000000000000000e+00
-1.812661170959472656e+01 1.721751213073730469e+01 2.000000000000000000e+00
1.288928985595703125e+01 -2.457102584838867188e+01 0.000000000000000000e+00
-1.345836520195007324e-01 -8.224824905395507812e+00 2.000000000000000000e+00
-8.741044998168945312e+00 2.033282661437988281e+01 7.000000000000000000e+00
2.698796689510345459e-01 -3.201941490173339844e+00 1.000000000000000000e+00
1.429485082626342773e+00 1.494156455993652344e+01 8.000000000000000000e+00
1.071580314636230469e+01 -1.581399679183959961e+00 6.000000000000000000e+00
-1.531090641021728516e+01 5.346368312835693359e+00 4.000000000000000000e+00
3.580535352230072021e-01 1.967438220977783203e+00 1.000000000000000000e+00
1.490294075012207031e+01 -3.765506029129028320e+00 6.000000000000000000e+00
-2.210120916366577148e+00 3.104886114597320557e-01 3.000000000000000000e+00
-1.927830314636230469e+01 8.230194091796875000e+00 4.000000000000000000e+00
2.177213907241821289e+00 3.058854579925537109e+00 5.000000000000000000e+00
-7.535348892211914062e+00 9.003854751586914062e+00 9.000000000000000000e+00
-7.026765823364257812e+00 -8.344919204711914062e+00 1.000000000000000000e+00
3.776603564620018005e-02 -1.598275279998779297e+01 3.000000000000000000e+00
-1.404084205627441406e+00 -1.167994880676269531e+01 3.000000000000000000e+00
-3.440896272659301758e+00 4.305259704589843750e+00 8.000000000000000000e+00
7.109745025634765625e+00 -1.365472126007080078e+01 5.000000000000000000e+00
-6.506497383117675781e+00 1.018049716949462891e+01 4.000000000000000000e+00
-4.678106307983398438e+00 -3.550415039062500000e-01 7.000000000000000000e+00
-4.500416278839111328e+00 1.841431236267089844e+01 7.000000000000000000e+00
-1.095141983032226562e+01 3.014072895050048828e+00 4.000000000000000000e+00
-6.538272380828857422e+00 -4.896548748016357422e+00 2.000000000000000000e+00
-4.811839580535888672e+00 -9.315139770507812500e+00 8.000000000000000000e+00
9.332101821899414062e+00 1.218002510070800781e+01 5.000000000000000000e+00
2.571608304977416992e+00 1.590319824218750000e+01 8.000000000000000000e+00
1.668041610717773438e+01 1.484768509864807129e+00 6.000000000000000000e+00
-8.750382423400878906e+00 3.897843599319458008e+00 7.000000000000000000e+00
-2.471572875976562500e+00 -1.505913162231445312e+01 3.000000000000000000e+00
5.322940349578857422e+00 2.125586748123168945e+00 4.000000000000000000e+00
1.774370384216308594e+01 -2.295973300933837891e+00 6.000000000000000000e+00
2.259696722030639648e+00 -1.322375535964965820e+00 1.000000000000000000e+00
-5.706755161285400391e+00 8.657402992248535156e+00 9.000000000000000000e+00
-1.813236808776855469e+01 1.441115951538085938e+01 9.000000000000000000e+00
1.756180953979492188e+01 -8.795335292816162109e-01 6.000000000000000000e+00
1.761441802978515625e+01 -2.223836708068847656e+01 0.000000000000000000e+00
6.543331742286682129e-01 -1.790978813171386719e+01 3.000000000000000000e+00
-1.468279075622558594e+01 -6.857031345367431641e+00 7.000000000000000000e+00
-8.118873596191406250e+00 -7.818161964416503906e+00 2.000000000000000000e+00
-1.799757480621337891e+00 -3.100035905838012695e+00 8.000000000000000000e+00
-1.334205269813537598e+00 -2.242995071411132812e+01 2.000000000000000000e+00
-2.199931383132934570e+00 8.165384292602539062e+00 9.000000000000000000e+00
-2.534864902496337891e+00 9.631669998168945312e+00 4.000000000000000000e+00
-1.913195610046386719e+01 -2.659455060958862305e+00 4.000000000000000000e+00
1.507533359527587891e+01 -2.815159797668457031e+00 6.000000000000000000e+00
-1.061818695068359375e+01 5.902829647064208984e+00 4.000000000000000000e+00
-9.821415901184082031e+00 1.408563804626464844e+01 9.000000000000000000e+00
2.160704851150512695e+00 6.307322978973388672e+00 7.000000000000000000e+00
1.316414642333984375e+01 -1.027973937988281250e+01 0.000000000000000000e+00
-7.626655578613281250e+00 1.315087604522705078e+01 9.000000000000000000e+00
-7.529534816741943359e+00 -8.210015296936035156e+00 2.000000000000000000e+00
-1.695458412170410156e+01 1.494371223449707031e+01 9.000000000000000000e+00
6.979843139648437500e+00 9.899772644042968750e+00 5.000000000000000000e+00
-5.676681399345397949e-01 -2.912244081497192383e+00 1.000000000000000000e+00
9.098868370056152344e+00 1.341433429718017578e+01 5.000000000000000000e+00
1.091831445693969727e+00 7.079485893249511719e+00 9.000000000000000000e+00
1.338913440704345703e-01 3.204307556152343750e+00 1.000000000000000000e+00
7.772325515747070312e+00 -1.012291336059570312e+01 2.000000000000000000e+00
-1.339963674545288086e+00 -1.863302421569824219e+01 3.000000000000000000e+00
1.168043851852416992e+00 9.305670857429504395e-01 2.000000000000000000e+00
-8.684116363525390625e+00 1.860298728942871094e+01 3.000000000000000000e+00
6.647346496582031250e+00 -1.218970108032226562e+01 5.000000000000000000e+00
-1.005786418914794922e+01 1.151266193389892578e+01 9.000000000000000000e+00
-1.459016561508178711e+00 1.186406970024108887e+00 1.000000000000000000e+00
-1.459127235412597656e+01 1.846059226989746094e+01 7.000000000000000000e+00
1.138391780853271484e+01 -4.521120548248291016e+00 6.000000000000000000e+00
-2.573115825653076172e+00 -8.813972473144531250e+00 2.000000000000000000e+00
-6.101189613342285156e+00 1.101324367523193359e+01 8.000000000000000000e+00
-6.277032375335693359e+00 -5.890163421630859375e+00 2.000000000000000000e+00
-1.513989686965942383e+00 -7.250815868377685547e+00 2.000000000000000000e+00
8.780661582946777344e+00 1.233567619323730469e+01 5.000000000000000000e+00
1.640340805053710938e+01 -1.232224464416503906e+01 0.000000000000000000e+00
-1.294073200225830078e+01 1.975480079650878906e+01 7.000000000000000000e+00
-1.719360160827636719e+01 1.985426664352416992e+00 4.000000000000000000e+00
-7.796151638031005859e+00 1.629272079467773438e+01 9.000000000000000000e+00
-2.008358001708984375e+01 1.892768859863281250e+01 7.000000000000000000e+00
-5.283014297485351562e+00 3.426314353942871094e+00 8.000000000000000000e+00
5.122147798538208008e-01 -1.213527488708496094e+01 3.000000000000000000e+00
-8.932297706604003906e+00 -6.666040897369384766e+00 2.000000000000000000e+00
-5.027043633162975311e-03 2.631174087524414062e+00 1.000000000000000000e+00
-1.039296269416809082e+00 2.188052177429199219e+00 1.000000000000000000e+00
-1.045832991600036621e+00 1.394257450103759766e+01 8.000000000000000000e+00
-4.204815864562988281e+00 -1.749650001525878906e+01 3.000000000000000000e+00
1.673447227478027344e+01 1.446822047233581543e+00 6.000000000000000000e+00
5.664617061614990234e+00 -2.287289351224899292e-01 1.000000000000000000e+00
1.018526840209960938e+01 -2.163742065429687500e+01 0.000000000000000000e+00
-9.690139770507812500e+00 2.076186180114746094e+01 3.000000000000000000e+00
2.821113109588623047e+00 1.990679025650024414e+00 1.000000000000000000e+00
1.109275341033935547e+01 -2.379775619506835938e+01 0.000000000000000000e+00
4.764286041259765625e+00 -1.240112018585205078e+01 0.000000000000000000e+00
2.050191640853881836e+00 1.830758601427078247e-01 1.000000000000000000e+00
1.187041401863098145e+00 5.826648712158203125e+00 7.000000000000000000e+00
1.328568649291992188e+01 -7.831412792205810547e+00 2.000000000000000000e+00
-2.137833595275878906e+01 1.731803131103515625e+01 7.000000000000000000e+00
1.111444234848022461e+00 -1.959738731384277344e+01 3.000000000000000000e+00
9.857903480529785156e+00 -8.637604713439941406e+00 0.000000000000000000e+00
-1.408404827117919922e+01 7.202169895172119141e+00 4.000000000000000000e+00
9.911184310913085938e+00 -3.383573770523071289e+00 6.000000000000000000e+00
9.536920547485351562e+00 9.709843635559082031e+00 5.000000000000000000e+00
1.649947738647460938e+01 -1.312517356872558594e+01 2.000000000000000000e+00
2.194659614562988281e+01 -1.554061055183410645e+00 6.000000000000000000e+00
-1.970389938354492188e+01 -3.004146814346313477e+00 4.000000000000000000e+00
-1.262376022338867188e+01 1.539925956726074219e+01 7.000000000000000000e+00
-8.126884460449218750e+00 6.314677238464355469e+00 1.000000000000000000e+00
-2.016370058059692383e+00 -1.430620288848876953e+01 8.000000000000000000e+00
7.291240692138671875e-01 6.813947200775146484e+00 9.000000000000000000e+00
-6.117009639739990234e+00 9.739262580871582031e+00 9.000000000000000000e+00
-7.022067070007324219e+00 -7.852612972259521484e+00 3.000000000000000000e+00
9.055555343627929688e+00 -2.338196754455566406e+01 0.000000000000000000e+00
-1.022462558746337891e+01 1.503363037109375000e+01 7.000000000000000000e+00
3.096868991851806641e+00 -1.052727222442626953e+00 1.000000000000000000e+00
1.498333454132080078e+01 -7.663325309753417969e+00 0.000000000000000000e+00
1.300794219970703125e+01 -8.291812896728515625e+00 2.000000000000000000e+00
1.263050746917724609e+01 -1.466481113433837891e+01 0.000000000000000000e+00
1.335225343704223633e+00 -1.944935607910156250e+01 3.000000000000000000e+00
6.615123748779296875e+00 1.089124011993408203e+01 5.000000000000000000e+00
-1.539765548706054688e+01 1.015099430084228516e+01 4.000000000000000000e+00
1.535540962219238281e+01 -2.625633716583251953e+00 6.000000000000000000e+00
1.122643089294433594e+01 1.061001205444335938e+01 5.000000000000000000e+00
-7.964545488357543945e-01 3.790577173233032227e+00 8.000000000000000000e+00
-1.182114887237548828e+01 1.844986081123352051e+00 6.000000000000000000e+00
-1.889672577381134033e-01 -2.055252456665039062e+01 3.000000000000000000e+00
-1.615677452087402344e+01 1.492063522338867188e+01 7.000000000000000000e+00
9.329464912414550781e+00 -7.885657787322998047e+00 5.000000000000000000e+00
-9.363934516906738281e+00 3.890586376190185547e+00 8.000000000000000000e+00
3.811623811721801758e+00 -1.350663757324218750e+01 0.000000000000000000e+00
-5.797884941101074219e+00 7.848465919494628906e+00 9.000000000000000000e+00
1.276513338088989258e+00 1.859043717384338379e+00 1.000000000000000000e+00
1.022748851776123047e+01 -2.496772003173828125e+01 0.000000000000000000e+00
1.472280979156494141e+01 -1.096979975700378418e+00 3.000000000000000000e+00
2.581295728683471680e+00 1.300381779670715332e+00 1.000000000000000000e+00
6.848075389862060547e+00 -1.215477585792541504e+00 2.000000000000000000e+00
9.770904541015625000e+00 -1.036038398742675781e+01 2.000000000000000000e+00
2.710445880889892578e+00 -1.520043659210205078e+01 3.000000000000000000e+00
1.388430714607238770e+00 -1.574255657196044922e+01 3.000000000000000000e+00
3.443202495574951172e+00 2.430287361145019531e+00 6.000000000000000000e+00
-1.476143455505371094e+01 7.010191440582275391e+00 4.000000000000000000e+00
-4.588660717010498047e+00 3.898316383361816406e+00 7.000000000000000000e+00
1.077119922637939453e+01 7.697938442230224609e+00 5.000000000000000000e+00
-8.137747764587402344e+00 -4.803177833557128906e+00 0.000000000000000000e+00
1.976647186279296875e+01 -1.834551930427551270e+00 6.000000000000000000e+00
1.332448673248291016e+01 7.654092788696289062e+00 2.000000000000000000e+00
-1.458116912841796875e+01 1.579947185516357422e+01 7.000000000000000000e+00
-1.240076637268066406e+01 -6.315956592559814453e+00 9.000000000000000000e+00
2.396246433258056641e+00 1.771703720092773438e+01 8.000000000000000000e+00
2.611435651779174805e+00 -9.741850852966308594e+00 5.000000000000000000e+00
-4.840381145477294922e+00 6.459694862365722656e+00 9.000000000000000000e+00
-5.020543098449707031e+00 -1.524494051933288574e+00 2.000000000000000000e+00
2.352736949920654297e+00 -2.108686447143554688e+00 1.000000000000000000e+00
-1.599935412406921387e+00 -2.237030267715454102e+00 1.000000000000000000e+00
-1.201771926879882812e+01 6.392593383789062500e+00 4.000000000000000000e+00
-1.709598159790039062e+01 1.336901283264160156e+01 4.000000000000000000e+00
1.109140872955322266e+01 1.148448657989501953e+01 5.000000000000000000e+00
1.121925067901611328e+01 -1.665496587753295898e+00 6.000000000000000000e+00
-1.552496051788330078e+01 7.197593212127685547e+00 4.000000000000000000e+00
-2.418615341186523438e+00 -2.939872026443481445e+00 1.000000000000000000e+00
1.051847267150878906e+01 -8.858212471008300781e+00 2.000000000000000000e+00
6.991509914398193359e+00 -1.499416160583496094e+01 5.000000000000000000e+00
-2.355419397354125977e+00 -1.842114067077636719e+01 3.000000000000000000e+00
-8.976890563964843750e+00 6.821712970733642578e+00 9.000000000000000000e+00
3.088980913162231445e+00 -2.040014266967773438e+01 3.000000000000000000e+00
-1.298276138305664062e+01 -6.578793525695800781e+00 9.000000000000000000e+00
1.217978096008300781e+01 -2.403906250000000000e+01 0.000000000000000000e+00
-5.982707023620605469e+00 -1.089230728149414062e+01 5.000000000000000000e+00
-6.188469409942626953e+00 6.320482730865478516e+00 9.000000000000000000e+00
1.286254596710205078e+01 3.882509469985961914e-01 6.000000000000000000e+00
1.082552719116210938e+01 7.923318386077880859e+00 5.000000000000000000e+00
-2.095594978332519531e+01 1.381100654602050781e+01 7.000000000000000000e+00
-1.273066997528076172e+01 6.981934070587158203e+00 4.000000000000000000e+00
6.948325037956237793e-01 -1.445024847984313965e+00 1.000000000000000000e+00
2.815658807754516602e+00 -1.848001480102539062e+01 3.000000000000000000e+00
-5.800571441650390625e+00 4.893023014068603516e+00 4.000000000000000000e+00
1.311163902282714844e+01 -1.971205329895019531e+01 0.000000000000000000e+00
-1.987040710449218750e+01 -1.051623463630676270e+00 4.000000000000000000e+00
-8.728568077087402344e+00 2.835248947143554688e+00 8.000000000000000000e+00
1.268563365936279297e+01 -1.718482780456542969e+01 0.000000000000000000e+00
-1.401549148559570312e+01 7.487135410308837891e+00 4.000000000000000000e+00
-1.761130809783935547e+00 -1.161445236206054688e+01 3.000000000000000000e+00
2.151455116271972656e+01 3.869809210300445557e-01 6.000000000000000000e+00
-3.586207283660769463e-03 4.651813030242919922e+00 8.000000000000000000e+00
-1.307331562042236328e+01 1.403155708312988281e+01 7.000000000000000000e+00
1.579197502136230469e+01 -4.881783127784729004e-01 6.000000000000000000e+00
1.668187904357910156e+01 -1.355486869812011719e+01 0.000000000000000000e+00
-4.415932655334472656e+00 -3.669093370437622070e+00 9.000000000000000000e+00
-1.181966495513916016e+01 1.360986328125000000e+01 7.000000000000000000e+00
5.712189197540283203e+00 -1.914120674133300781e+01 5.000000000000000000e+00
-1.225629425048828125e+01 1.262616157531738281e+01 7.000000000000000000e+00
1.460890388488769531e+01 -9.406553268432617188e+00 2.000000000000000000e+00
1.543501973152160645e+00 -2.272202491760253906e+00 1.000000000000000000e+00
1.221058964729309082e+00 -1.206538438796997070e+00 1.000000000000000000e+00
2.086198616027832031e+01 -2.932659149169921875e+00 6.000000000000000000e+00
9.105640411376953125e+00 -3.746458292007446289e-01 8.000000000000000000e+00
-4.968194961547851562e+00 6.958988666534423828e+00 9.000000000000000000e+00
-1.561382484436035156e+01 -2.243319988250732422e+00 4.000000000000000000e+00
2.209416866302490234e+00 3.085535764694213867e+00 1.000000000000000000e+00
-5.783461093902587891e+00 -1.002391433715820312e+01 5.000000000000000000e+00
1.118819808959960938e+01 -1.022315502166748047e+01 2.000000000000000000e+00
4.421454906463623047e+00 -2.526839494705200195e+00 2.000000000000000000e+00
-6.197676658630371094e+00 1.382264518737792969e+01 9.000000000000000000e+00
1.412933921813964844e+01 -1.040540313720703125e+01 0.000000000000000000e+00
1.939570069313049316e+00 -1.908062171936035156e+01 3.000000000000000000e+00
-1.810713005065917969e+01 2.800206422805786133e+00 9.000000000000000000e+00
2.117524528503417969e+01 -2.730253219604492188e+00 6.000000000000000000e+00
-1.026737976074218750e+01 3.317213773727416992e+00 7.000000000000000000e+00
1.316958141326904297e+01 -1.002894306182861328e+01 2.000000000000000000e+00
1.541077136993408203e+01 -1.686689567565917969e+01 0.000000000000000000e+00
3.734932422637939453e+00 -1.995460700988769531e+01 3.000000000000000000e+00
1.139658164978027344e+01 -5.347521305084228516e+00 5.000000000000000000e+00
-1.340970039367675781e+01 9.719457626342773438e+00 4.000000000000000000e+00
3.587951898574829102e+00 -1.239204788208007812e+01 3.000000000000000000e+00
1.786463928222656250e+01 -6.072455048561096191e-01 6.000000000000000000e+00
1.396453380584716797e+00 -1.108194637298583984e+01 5.000000000000000000e+00
7.534290313720703125e+00 -6.234704494476318359e+00 8.000000000000000000e+00
-1.181281852722167969e+01 7.589051127433776855e-01 9.000000000000000000e+00
1.151484012603759766e+01 8.084789276123046875e+00 5.000000000000000000e+00
-7.686398983001708984e+00 7.383303642272949219e+00 4.000000000000000000e+00
-1.304574489593505859e+01 1.644043159484863281e+01 7.000000000000000000e+00
-8.599222183227539062e+00 3.999490261077880859e+00 4.000000000000000000e+00
1.172800159454345703e+01 -7.642608165740966797e+00 2.000000000000000000e+00
-3.865450859069824219e+00 -5.348681926727294922e+00 7.000000000000000000e+00
1.969336509704589844e+00 -2.077777099609375000e+01 3.000000000000000000e+00
-3.379446029663085938e+00 5.241701602935791016e+00 4.000000000000000000e+00
-9.091040611267089844e+00 1.915522933006286621e+00 8.000000000000000000e+00
-1.011364364624023438e+01 -1.270164608955383301e+00 9.000000000000000000e+00
1.167090296745300293e+00 2.158239364624023438e+00 1.000000000000000000e+00
3.466853141784667969e+00 1.145084142684936523e+00 9.000000000000000000e+00
1.019471645355224609e+01 -9.295939445495605469e+00 2.000000000000000000e+00
9.707589149475097656e+00 3.889085054397583008e+00 8.000000000000000000e+00
-1.691352272033691406e+01 1.630933189392089844e+01 7.000000000000000000e+00
-2.225417375564575195e+00 6.113873481750488281e+00 9.000000000000000000e+00
-1.693960428237915039e-01 2.515301465988159180e+00 1.000000000000000000e+00
6.642329216003417969e+00 -9.753823280334472656e+00 8.000000000000000000e+00
-1.100516033172607422e+01 1.426973628997802734e+01 7.000000000000000000e+00
-6.282853603363037109e+00 6.660474300384521484e+00 4.000000000000000000e+00
2.612859010696411133e+00 3.880471885204315186e-01 1.000000000000000000e+00
2.670811414718627930e-01 -5.882452964782714844e+00 3.000000000000000000e+00
1.027199149131774902e+00 2.271126985549926758e+00 1.000000000000000000e+00
-4.158034324645996094e+00 4.008693993091583252e-01 1.000000000000000000e+00
1.639578056335449219e+01 -1.662965202331542969e+01 0.000000000000000000e+00
5.902222633361816406e+00 -4.218323230743408203e+00 2.000000000000000000e+00
-3.070038318634033203e+00 -1.811462211608886719e+01 3.000000000000000000e+00
-5.145167350769042969e+00 1.028529548645019531e+01 9.000000000000000000e+00
-2.098969697952270508e+00 5.160562992095947266e+00 4.000000000000000000e+00
-8.770011901855468750e+00 3.513182163238525391e+00 9.000000000000000000e+00
1.404296684265136719e+01 -1.109911537170410156e+01 2.000000000000000000e+00
-1.879100561141967773e+00 -1.312558531761169434e+00 1.000000000000000000e+00
2.125321006774902344e+01 -2.616737604141235352e+00 6.000000000000000000e+00
-7.117523193359375000e+00 3.340847253799438477e+00 8.000000000000000000e+00
-1.281437110900878906e+01 9.655060768127441406e+00 4.000000000000000000e+00
2.448393821716308594e+00 4.843695640563964844e+00 7.000000000000000000e+00
-1.706538772583007812e+01 1.609716033935546875e+01 7.000000000000000000e+00
-4.624083042144775391e+00 3.580891609191894531e+00 4.000000000000000000e+00
-1.305868530273437500e+01 4.075858116149902344e+00 4.000000000000000000e+00
-5.218352317810058594e+00 7.080509185791015625e+00 9.000000000000000000e+00
1.089537334442138672e+01 -7.970593452453613281e+00 2.000000000000000000e+00
2.729015111923217773e+00 -5.532439708709716797e+00 5.000000000000000000e+00
-1.401036167144775391e+01 1.752286148071289062e+01 7.000000000000000000e+00
-1.035979366302490234e+01 9.102805256843566895e-01 2.000000000000000000e+00
-4.772479534149169922e+00 1.108977413177490234e+01 4.000000000000000000e+00
-2.036583900451660156e+01 2.085976004600524902e-01 4.000000000000000000e+00
1.260880279541015625e+01 -8.172175407409667969e+00 2.000000000000000000e+00
-3.986732065677642822e-01 1.377056241035461426e+00 1.000000000000000000e+00
-1.091572856903076172e+01 1.263405418395996094e+01 9.000000000000000000e+00
-3.568650245666503906e+00 2.974659442901611328e+00 7.000000000000000000e+00
1.325668144226074219e+01 -7.115561008453369141e+00 2.000000000000000000e+00
-4.976023197174072266e+00 -1.096669673919677734e+01 8.000000000000000000e+00
-1.276758670806884766e+01 1.526468753814697266e+01 7.000000000000000000e+00
-7.881213665008544922e+00 -4.917494356632232666e-01 6.000000000000000000e+00
-6.032257556915283203e+00 1.262972164154052734e+01 9.000000000000000000e+00
8.066815376281738281e+00 -3.872602224349975586e+00 2.000000000000000000e+00
1.121239757537841797e+01 -5.645334720611572266e+00 2.000000000000000000e+00
-2.087056636810302734e+00 -1.343369674682617188e+01 3.000000000000000000e+00
-2.664098739624023438e+00 1.820811080932617188e+01 8.000000000000000000e+00
-6.377590656280517578e+00 -8.073244690895080566e-01 1.000000000000000000e+00
1.942435836791992188e+01 -3.207669258117675781e+00 6.000000000000000000e+00
5.903803348541259766e+00 -1.264680957794189453e+01 5.000000000000000000e+00
3.071034908294677734e+00 2.657001093029975891e-02 1.000000000000000000e+00
1.774705290794372559e+00 -9.783111810684204102e-01 1.000000000000000000e+00
1.733856773376464844e+01 -1.535076427459716797e+01 0.000000000000000000e+00
6.774309158325195312e+00 -4.173003196716308594e+00 2.000000000000000000e+00
1.464426612854003906e+01 -6.600975990295410156e-01 6.000000000000000000e+00
-1.369380474090576172e+01 1.000476741790771484e+01 4.000000000000000000e+00
1.023704910278320312e+01 9.042924880981445312e+00 5.000000000000000000e+00
-4.466051101684570312e+00 -1.386725902557373047e+01 8.000000000000000000e+00
3.066773891448974609e+00 -2.139345741271972656e+01 3.000000000000000000e+00
-6.037908077239990234e+00 9.643892645835876465e-01 1.000000000000000000e+00
1.048532009124755859e+01 9.754536628723144531e+00 5.000000000000000000e+00
-1.083125948905944824e+00 -4.421471118927001953e+00 1.000000000000000000e+00
-6.856558322906494141e+00 1.379838752746582031e+01 9.000000000000000000e+00
5.666461944580078125e+00 -6.363227963447570801e-01 2.000000000000000000e+00
-1.117434501647949219e+01 1.419301414489746094e+01 7.000000000000000000e+00
-5.527750968933105469e+00 4.208907127380371094e+00 4.000000000000000000e+00
-1.353861713409423828e+01 6.946667671203613281e+00 4.000000000000000000e+00
8.529411315917968750e+00 5.906549930572509766e+00 4.000000000000000000e+00
6.460351347923278809e-01 1.316187858581542969e+01 8.000000000000000000e+00
1.187927603721618652e+00 2.248632431030273438e+00 1.000000000000000000e+00
8.885978698730468750e+00 8.713182449340820312e+00 5.000000000000000000e+00
-4.727348327636718750e+00 -4.179225921630859375e+00 8.000000000000000000e+00
-7.950117588043212891e+00 1.430491542816162109e+01 9.000000000000000000e+00
4.087899208068847656e+00 1.796209812164306641e-01 5.000000000000000000e+00
1.721385574340820312e+01 -9.290064573287963867e-01 6.000000000000000000e+00
-6.749336719512939453e+00 1.680820345878601074e+00 7.000000000000000000e+00
-6.497812747955322266e+00 1.387628746032714844e+01 9.000000000000000000e+00
-7.925860881805419922e-01 -6.962763786315917969e+00 9.000000000000000000e+00
4.100587368011474609e+00 -3.818858146667480469e+00 3.000000000000000000e+00
-1.638076782226562500e+01 1.801492500305175781e+01 7.000000000000000000e+00
1.636811828613281250e+01 -1.359474849700927734e+01 0.000000000000000000e+00
-8.775380134582519531e+00 -3.164517641067504883e+00 9.000000000000000000e+00
1.274626350402832031e+01 -2.356942367553710938e+01 0.000000000000000000e+00
1.006126689910888672e+01 -2.795883417129516602e+00 6.000000000000000000e+00
1.737611198425292969e+01 -1.366276860237121582e+00 6.000000000000000000e+00
-1.533928871154785156e+01 4.875608444213867188e+00 2.000000000000000000e+00
4.747812271118164062e+00 -1.827107238769531250e+01 3.000000000000000000e+00
-8.882940292358398438e+00 -4.520646095275878906e+00 9.000000000000000000e+00
1.339367866516113281e+01 -2.339079856872558594e+01 0.000000000000000000e+00
-5.055058956146240234e+00 -1.823380470275878906e+00 7.000000000000000000e+00
1.156628990173339844e+01 8.177576065063476562e+00 5.000000000000000000e+00
-8.381560325622558594e+00 8.394659996032714844e+00 4.000000000000000000e+00
-8.494480133056640625e+00 1.630339175462722778e-01 8.000000000000000000e+00
1.195249366760253906e+01 -2.590671730041503906e+01 0.000000000000000000e+00
-4.470366001129150391e+00 9.369619369506835938e+00 9.000000000000000000e+00
-7.654207229614257812e+00 3.609518766403198242e+00 4.000000000000000000e+00
2.457471609115600586e+00 1.122481226921081543e+00 1.000000000000000000e+00
-1.907042115926742554e-01 -5.965439230203628540e-02 2.000000000000000000e+00
2.682733535766601562e-01 1.678575325012207031e+01 8.000000000000000000e+00
-1.654622268676757812e+01 -1.705605149269104004e+00 7.000000000000000000e+00
2.948761224746704102e+00 -5.772126317024230957e-01 1.000000000000000000e+00
1.629498100280761719e+01 -7.530822277069091797e+00 2.000000000000000000e+00
1.872234916687011719e+01 -4.612071216106414795e-01 6.000000000000000000e+00
3.295971155166625977e+00 -1.567198187112808228e-01 1.000000000000000000e+00
1.684182739257812500e+01 -1.128993225097656250e+01 0.000000000000000000e+00
-3.215740442276000977e+00 -2.148963165283203125e+01 3.000000000000000000e+00
1.732480430603027344e+01 -1.970742034912109375e+01 0.000000000000000000e+00
2.391517877578735352e+00 2.667906284332275391e+00 1.000000000000000000e+00
-2.767319679260253906e-01 5.069959163665771484e-01 1.000000000000000000e+00
5.824901103973388672e+00 2.218459993600845337e-01 8.000000000000000000e+00
1.461075973510742188e+01 -1.097485828399658203e+01 2.000000000000000000e+00
1.103853321075439453e+01 -2.138738059997558594e+01 0.000000000000000000e+00
-1.394302129745483398e+00 5.240210533142089844e+00 3.000000000000000000e+00
-1.245020866394042969e+01 3.351982831954956055e+00 9.000000000000000000e+00
-1.899509811401367188e+01 4.201831817626953125e+00 4.000000000000000000e+00
1.521373462677001953e+01 -2.356440353393554688e+01 0.000000000000000000e+00
6.448029041290283203e+00 1.165180015563964844e+01 5.000000000000000000e+00
1.007698822021484375e+01 -2.561389541625976562e+01 0.000000000000000000e+00
2.011845397949218750e+01 -2.077348947525024414e+00 6.000000000000000000e+00
-8.179015517234802246e-01 -2.095444440841674805e+00 1.000000000000000000e+00
-1.274535369873046875e+01 1.882795906066894531e+01 7.000000000000000000e+00
-6.312295913696289062e+00 -5.080604553222656250e+00 7.000000000000000000e+00
-5.008647441864013672e-01 1.519520664215087891e+01 8.000000000000000000e+00
6.427101135253906250e+00 -3.901350498199462891e-01 1.000000000000000000e+00
-5.686398029327392578e+00 1.506190204620361328e+01 9.000000000000000000e+00
3.348579168319702148e+00 -3.249628782272338867e+00 2.000000000000000000e+00
1.917113876342773438e+01 -1.980641555786132812e+01 0.000000000000000000e+00
1.023826599121093750e+01 1.057696914672851562e+01 5.000000000000000000e+00
2.547602891921997070e+00 -1.004951968789100647e-01 1.000000000000000000e+00
-6.143633365631103516e+00 2.080121040344238281e+00 2.000000000000000000e+00
1.278705883026123047e+01 -1.260293769836425781e+01 2.000000000000000000e+00
3.423001289367675781e+00 4.181899547576904297e+00 7.000000000000000000e+00
-2.245295524597167969e+00 -1.873135757446289062e+01 3.000000000000000000e+00
-1.979448914527893066e+00 1.174718570709228516e+01 5.000000000000000000e+00
-1.575205993652343750e+01 5.128661155700683594e+00 4.000000000000000000e+00
-5.046645164489746094e+00 8.300663948059082031e+00 9.000000000000000000e+00
-1.323028087615966797e+01 1.964196395874023438e+01 7.000000000000000000e+00
7.362000346183776855e-01 -2.764212131500244141e+00 1.000000000000000000e+00
6.908918380737304688e+00 9.439147949218750000e+00 8.000000000000000000e+00
-1.128131747245788574e+00 -1.020917987823486328e+01 3.000000000000000000e+00
-2.823832273483276367e+00 1.566392898559570312e+01 9.000000000000000000e+00
6.129353046417236328e-01 2.771368265151977539e+00 6.000000000000000000e+00
1.904055786132812500e+01 -2.169743728637695312e+01 0.000000000000000000e+00
3.356301069259643555e+00 -1.415801334381103516e+01 3.000000000000000000e+00
-2.448777258396148682e-01 -9.949590563774108887e-01 1.000000000000000000e+00
-1.520071744918823242e+00 3.242966234683990479e-01 1.000000000000000000e+00
1.759689331054687500e+01 -9.356891632080078125e+00 2.000000000000000000e+00
8.969382286071777344e+00 -2.325617980957031250e+01 6.000000000000000000e+00
-2.286022424697875977e+00 -1.987507438659667969e+01 3.000000000000000000e+00
7.075826168060302734e+00 -1.341827106475830078e+01 5.000000000000000000e+00
-3.016539812088012695e+00 1.604082679748535156e+01 7.000000000000000000e+00
1.275234222412109375e+01 -3.435353755950927734e+00 6.000000000000000000e+00
2.361398220062255859e+00 1.354078006744384766e+01 8.000000000000000000e+00
-4.334817886352539062e+00 1.074959516525268555e+00 3.000000000000000000e+00
-2.488265275955200195e+00 1.515184020996093750e+01 9.000000000000000000e+00
1.052866697311401367e+00 -5.862600803375244141e+00 5.000000000000000000e+00
5.486798763275146484e+00 -9.882174491882324219e+00 8.000000000000000000e+00
6.249991893768310547e+00 -1.020608425140380859e+01 5.000000000000000000e+00
-1.443485260009765625e+01 1.629672241210937500e+01 7.000000000000000000e+00
-1.264997291564941406e+01 1.793763399124145508e+00 6.000000000000000000e+00
2.661054611206054688e+00 1.783316493034362793e+00 1.000000000000000000e+00
6.314302086830139160e-01 -1.067533254623413086e+00 1.000000000000000000e+00
-4.254042148590087891e+00 1.806336021423339844e+01 3.000000000000000000e+00
3.340444266796112061e-01 -2.364900112152099609e+00 1.000000000000000000e+00
1.352526545524597168e+00 7.368782758712768555e-01 7.000000000000000000e+00
-1.166386795043945312e+01 8.934851646423339844e+00 5.000000000000000000e+00
8.098151206970214844e+00 1.227567291259765625e+01 5.000000000000000000e+00
3.966523647308349609e+00 -5.405753850936889648e-01 5.000000000000000000e+00
1.620562362670898438e+01 -8.853562355041503906e+00 2.000000000000000000e+00
-1.186789226531982422e+01 -8.011619567871093750e+00 5.000000000000000000e+00
6.361820697784423828e+00 6.707128047943115234e+00 8.000000000000000000e+00
-5.898291587829589844e+00 2.634317636489868164e+00 7.000000000000000000e+00
1.848060417175292969e+01 -1.699983406066894531e+01 0.000000000000000000e+00
-7.728043556213378906e+00 1.030612754821777344e+01 9.000000000000000000e+00
-1.251149463653564453e+01 2.055547714233398438e+01 7.000000000000000000e+00
-1.681452369689941406e+01 1.487990665435791016e+01 7.000000000000000000e+00
6.128808021545410156e+00 1.099228572845458984e+01 5.000000000000000000e+00
1.067763519287109375e+01 -2.040125083923339844e+01 0.000000000000000000e+00
-4.974235534667968750e+00 1.748226356506347656e+01 9.000000000000000000e+00
1.046414566040039062e+01 -2.423481559753417969e+01 0.000000000000000000e+00
1.614233970642089844e+01 -1.180230140686035156e+01 0.000000000000000000e+00
1.132283210754394531e+01 1.199120759963989258e+00 8.000000000000000000e+00
-2.199243307113647461e+00 1.572957229614257812e+01 9.000000000000000000e+00
-1.215313148498535156e+01 1.542863941192626953e+01 2.000000000000000000e+00
-1.765752410888671875e+01 4.276065826416015625e+00 4.000000000000000000e+00
-6.700659394264221191e-01 -5.370278835296630859e+00 8.000000000000000000e+00
-1.227105379104614258e+00 -3.816955685615539551e-01 1.000000000000000000e+00
1.106931209564208984e+01 -4.075606346130371094e+00 6.000000000000000000e+00
-5.290782451629638672e-01 2.805044651031494141e-01 1.000000000000000000e+00
1.528536987304687500e+01 -3.154662847518920898e+00 6.000000000000000000e+00
8.995277404785156250e+00 1.066907691955566406e+01 5.000000000000000000e+00
-1.885692477226257324e-01 -2.811340570449829102e+00 1.000000000000000000e+00
2.599932849407196045e-01 1.161249828338623047e+01 8.000000000000000000e+00
-4.181652545928955078e+00 -3.004567146301269531e+00 3.000000000000000000e+00
-1.819419288635253906e+01 7.740076541900634766e+00 4.000000000000000000e+00
1.405391883850097656e+01 -9.620701789855957031e+00 0.000000000000000000e+00
-1.984716415405273438e+00 1.310396003723144531e+01 5.000000000000000000e+00
7.306941032409667969e+00 -1.156869316101074219e+01 5.000000000000000000e+00
-8.621285438537597656e+00 3.851840734481811523e+00 8.000000000000000000e+00
1.121111512184143066e+00 -1.397562408447265625e+01 3.000000000000000000e+00
1.671425819396972656e+01 2.113469123840332031e+00 6.000000000000000000e+00
1.239558410644531250e+01 -1.383504962921142578e+01 2.000000000000000000e+00
4.314073547720909119e-02 -1.949449157714843750e+01 3.000000000000000000e+00
-7.752484798431396484e+00 1.103202629089355469e+01 9.000000000000000000e+00
8.497425079345703125e+00 -1.057581043243408203e+01 2.000000000000000000e+00
4.298043727874755859e+00 1.536381840705871582e+00 1.000000000000000000e+00
4.266346931457519531e+00 2.332954168319702148e+00 1.000000000000000000e+00
-1.450739145278930664e+00 -1.763621520996093750e+01 5.000000000000000000e+00
1.434811782836914062e+01 -1.016719150543212891e+01 2.000000000000000000e+00
5.933511853218078613e-01 3.038842201232910156e+00 1.000000000000000000e+00
-8.929244428873062134e-02 -1.966404724121093750e+01 3.000000000000000000e+00
-1.026470851898193359e+01 -2.527204751968383789e+00 2.000000000000000000e+00
4.456794738769531250e+00 -1.005195999145507812e+01 8.000000000000000000e+00
-3.166587591171264648e+00 4.584230899810791016e+00 7.000000000000000000e+00
1.005181789398193359e+01 -1.407035350799560547e+01 3.000000000000000000e+00
-2.141093444824218750e+01 1.787436676025390625e+01 7.000000000000000000e+00
5.663227081298828125e+00 -9.359851837158203125e+00 2.000000000000000000e+00
-1.596425151824951172e+01 1.094480228424072266e+01 4.000000000000000000e+00
2.053000831604003906e+01 -4.733140468597412109e+00 6.000000000000000000e+00
-1.955504059791564941e+00 8.072118759155273438e+00 9.000000000000000000e+00
-1.091644191741943359e+01 1.786599159240722656e+01 7.000000000000000000e+00
1.416535282135009766e+01 -1.341904544830322266e+01 2.000000000000000000e+00
-1.761180686950683594e+01 7.142093181610107422e+00 4.000000000000000000e+00
-1.896455574035644531e+01 1.770009613037109375e+01 2.000000000000000000e+00
-1.319217681884765625e+00 1.512474536895751953e+01 8.000000000000000000e+00
3.833723366260528564e-01 -5.815037488937377930e-01 1.000000000000000000e+00
1.386143326759338379e+00 3.455086708068847656e+00 1.000000000000000000e+00
-9.325445890426635742e-01 -1.577695846557617188e+00 3.000000000000000000e+00
-1.938806653022766113e+00 -2.798741817474365234e+00 8.000000000000000000e+00
-7.296927452087402344e+00 -1.305344551801681519e-01 4.000000000000000000e+00
1.871167373657226562e+01 -1.795159149169921875e+01 0.000000000000000000e+00
8.633605003356933594e+00 1.317833364009857178e-01 6.000000000000000000e+00
7.338806629180908203e+00 1.238306427001953125e+01 5.000000000000000000e+00
-7.135462284088134766e+00 1.303505706787109375e+01 9.000000000000000000e+00
5.265769958496093750e+00 -1.792599868774414062e+01 3.000000000000000000e+00
1.126706504821777344e+01 -7.966678619384765625e+00 0.000000000000000000e+00
-3.690553903579711914e+00 1.555045318603515625e+01 9.000000000000000000e+00
-8.976499557495117188e+00 -4.925917685031890869e-01 2.000000000000000000e+00
-1.972690773010253906e+01 6.019564151763916016e+00 4.000000000000000000e+00
-1.046691226959228516e+01 1.604696464538574219e+01 7.000000000000000000e+00
8.961710929870605469e-01 -1.429215192794799805e+00 1.000000000000000000e+00
-4.608394622802734375e+00 -8.119856834411621094e+00 2.000000000000000000e+00
-6.435686111450195312e+00 1.363360691070556641e+01 9.000000000000000000e+00
-4.717107295989990234e+00 5.944541454315185547e+00 4.000000000000000000e+00
1.642158889770507812e+01 -1.303236865997314453e+01 2.000000000000000000e+00
-8.276564598083496094e+00 3.474801540374755859e+00 6.000000000000000000e+00
1.587541460990905762e+00 8.552555441856384277e-01 1.000000000000000000e+00
3.163660049438476562e+00 -1.597874355316162109e+01 8.000000000000000000e+00
-4.299529552459716797e+00 1.590596675872802734e+01 9.000000000000000000e+00
9.404058456420898438e+00 -2.383252143859863281e+01 0.000000000000000000e+00
1.565959358215332031e+01 -3.984292984008789062e+00 6.000000000000000000e+00
1.949927711486816406e+01 -4.767406940460205078e+00 6.000000000000000000e+00
-9.310940742492675781e+00 1.856091117858886719e+01 7.000000000000000000e+00
-7.644531726837158203e+00 7.460079193115234375e+00 9.000000000000000000e+00
-1.352523565292358398e+00 1.392275238037109375e+01 9.000000000000000000e+00
5.514087200164794922e+00 -7.615053653717041016e+00 8.000000000000000000e+00
1.494830226898193359e+01 -1.402198505401611328e+01 0.000000000000000000e+00
-3.695198059082031250e+00 -3.507251024246215820e+00 1.000000000000000000e+00
-1.707485389709472656e+01 4.303868770599365234e+00 4.000000000000000000e+00
-1.759704017639160156e+01 -3.344097137451171875e+00 4.000000000000000000e+00
1.625263786315917969e+01 -5.935395240783691406e+00 6.000000000000000000e+00
-2.021259117126464844e+01 1.418645286560058594e+01 7.000000000000000000e+00
-1.227356433868408203e+00 6.881822347640991211e-01 1.000000000000000000e+00
-1.289502525329589844e+01 -3.941694498062133789e+00 5.000000000000000000e+00
1.458347797393798828e+00 1.288431286811828613e+00 7.000000000000000000e+00
6.423338413238525391e+00 -1.037245845794677734e+01 0.000000000000000000e+00
2.170123577117919922e+00 -4.726686000823974609e+00 3.000000000000000000e+00
8.559872627258300781e+00 8.189851760864257812e+00 5.000000000000000000e+00
7.827634215354919434e-01 1.818365478515625000e+01 8.000000000000000000e+00
-1.670063972473144531e+01 -2.760825634002685547e+00 4.000000000000000000e+00
-9.560878753662109375e+00 1.708419609069824219e+01 7.000000000000000000e+00
-5.704969406127929688e+00 -2.207586526870727539e+00 1.000000000000000000e+00
1.724787330627441406e+01 -9.958690643310546875e+00 2.000000000000000000e+00
1.049661636352539062e+01 -1.014141941070556641e+01 5.000000000000000000e+00
-5.414450168609619141e+00 1.604083061218261719e+01 9.000000000000000000e+00
1.029367351531982422e+01 -1.968655967712402344e+01 5.000000000000000000e+00
1.823110771179199219e+01 -4.324574470520019531e+00 6.000000000000000000e+00
-1.413348293304443359e+01 1.684511947631835938e+01 7.000000000000000000e+00
6.191278934478759766e+00 4.172679901123046875e+00 5.000000000000000000e+00
-2.008334922790527344e+01 5.781109809875488281e+00 9.000000000000000000e+00
-9.821258544921875000e+00 7.831975460052490234e+00 8.000000000000000000e+00
-5.509496212005615234e+00 -8.899280548095703125e+00 8.000000000000000000e+00
2.401899337768554688e+00 -5.519410133361816406e+00 3.000000000000000000e+00
6.684754848480224609e+00 -1.821029424667358398e+00 6.000000000000000000e+00
-8.993254899978637695e-01 1.446152591705322266e+01 9.000000000000000000e+00
-1.613294792175292969e+01 1.881830406188964844e+01 7.000000000000000000e+00
1.595201492309570312e+01 -1.273152732849121094e+01 0.000000000000000000e+00
-4.151336669921875000e+00 4.374048233032226562e+00 7.000000000000000000e+00
1.573409748077392578e+01 -1.130596065521240234e+01 5.000000000000000000e+00
-1.174911880493164062e+01 1.120660400390625000e+01 7.000000000000000000e+00
-9.149463176727294922e-01 -1.296370506286621094e+00 1.000000000000000000e+00
-1.137233853340148926e+00 2.456973552703857422e+00 1.000000000000000000e+00
1.544826126098632812e+01 -1.676767349243164062e+01 0.000000000000000000e+00
-1.757158470153808594e+01 1.912430000305175781e+01 7.000000000000000000e+00
-2.307682991027832031e+00 1.293145942687988281e+01 9.000000000000000000e+00
1.511348342895507812e+01 -1.015771579742431641e+01 2.000000000000000000e+00
6.268920898437500000e+00 -1.580855941772460938e+01 3.000000000000000000e+00
3.333173036575317383e+00 5.381660938262939453e+00 7.000000000000000000e+00
1.582378387451171875e+00 -4.999587059020996094e+00 3.000000000000000000e+00
2.321157217025756836e+00 -3.955801248550415039e+00 2.000000000000000000e+00
-1.839624404907226562e+01 3.573239803314208984e+00 4.000000000000000000e+00
1.258224129676818848e+00 -2.680857896804809570e+00 1.000000000000000000e+00
1.647618484497070312e+01 -2.776879787445068359e+00 6.000000000000000000e+00
-6.208431243896484375e+00 -1.693448275327682495e-01 2.000000000000000000e+00
-9.576663970947265625e+00 1.843094253540039062e+01 7.000000000000000000e+00
5.509705066680908203e+00 2.843692779541015625e+00 5.000000000000000000e+00
-2.332372665405273438e+00 1.188193893432617188e+01 5.000000000000000000e+00
-9.957509040832519531e+00 3.678389549255371094e+00 7.000000000000000000e+00
-1.849295616149902344e+01 6.797851562500000000e+00 4.000000000000000000e+00
1.448905467987060547e+01 -8.163680076599121094e+00 0.000000000000000000e+00
1.638479232788085938e+01 -1.179619503021240234e+01 2.000000000000000000e+00
-1.105122661590576172e+01 1.072685599327087402e+00 6.000000000000000000e+00
-4.408496379852294922e+00 1.962168884277343750e+01 3.000000000000000000e+00
7.740097999572753906e+00 -1.987988352775573730e+00 6.000000000000000000e+00
-9.377409815788269043e-01 -2.710905857384204865e-02 4.000000000000000000e+00
5.664290428161621094e+00 -1.171175289154052734e+01 0.000000000000000000e+00
-1.799748802185058594e+01 4.337424278259277344e+00 4.000000000000000000e+00
-6.081288814544677734e+00 -1.287440061569213867e+00 2.000000000000000000e+00
1.949729347229003906e+01 -5.459978103637695312e+00 6.000000000000000000e+00
1.753055953979492188e+01 -1.030776214599609375e+01 0.000000000000000000e+00
1.161738204956054688e+01 1.184785461425781250e+01 0.000000000000000000e+00
9.413313865661621094e+00 -1.043605709075927734e+01 0.000000000000000000e+00
1.424694347381591797e+01 -1.555134487152099609e+01 0.000000000000000000e+00
5.433436870574951172e+00 -2.007231521606445312e+01 3.000000000000000000e+00
-1.355307579040527344e+00 2.109791040420532227e+00 1.000000000000000000e+00
1.273730850219726562e+01 -3.433759212493896484e+00 6.000000000000000000e+00
1.535957050323486328e+01 -8.078743934631347656e+00 2.000000000000000000e+00
3.085587978363037109e+00 -3.872259378433227539e+00 2.000000000000000000e+00
4.530736923217773438e+00 -1.477135848999023438e+01 3.000000000000000000e+00
-1.096351385116577148e+00 -1.139571547508239746e+00 1.000000000000000000e+00
-1.200901412963867188e+01 6.175308227539062500e+00 4.000000000000000000e+00
1.552952051162719727e+00 1.515789389610290527e+00 1.000000000000000000e+00
9.104571342468261719e+00 -1.385778713226318359e+01 5.000000000000000000e+00
-1.583447742462158203e+01 6.946558475494384766e+00 4.000000000000000000e+00
2.158804893493652344e+01 -3.394588470458984375e+00 6.000000000000000000e+00
-9.368139266967773438e+00 -5.884922504425048828e+00 4.000000000000000000e+00
-1.144988632202148438e+01 1.723450088500976562e+01 7.000000000000000000e+00
1.355447292327880859e+01 -1.254836368560791016e+01 2.000000000000000000e+00
-4.234486579895019531e+00 4.343734681606292725e-01 8.000000000000000000e+00
-2.130831718444824219e+01 1.435500812530517578e+01 7.000000000000000000e+00
-7.537094593048095703e+00 1.409934234619140625e+01 9.000000000000000000e+00
4.693727970123291016e+00 -1.724048852920532227e+00 2.000000000000000000e+00
1.497254753112792969e+01 -1.459363842010498047e+01 0.000000000000000000e+00
9.177229881286621094e+00 -6.297795772552490234e+00 5.000000000000000000e+00
-3.522474765777587891e-01 2.528208255767822266e+00 1.000000000000000000e+00
-1.545182704925537109e+01 1.764772832393646240e-01 4.000000000000000000e+00
-1.113220977783203125e+01 -5.883688449859619141e+00 2.000000000000000000e+00
-2.789892196655273438e+00 -6.334699630737304688e+00 8.000000000000000000e+00
4.399776458740234375e+00 -1.844028663635253906e+01 3.000000000000000000e+00
-1.371474862098693848e+00 -2.537655591964721680e+00 2.000000000000000000e+00
-1.409594345092773438e+01 8.550026893615722656e+00 4.000000000000000000e+00
1.341003894805908203e+00 3.840432465076446533e-01 1.000000000000000000e+00
8.898894309997558594e+00 -1.333621978759765625e+01 5.000000000000000000e+00
-1.191591358184814453e+01 7.509792804718017578e+00 4.000000000000000000e+00
2.151423072814941406e+01 -2.098464012145996094e+00 6.000000000000000000e+00
1.210339832305908203e+01 -1.639384651184082031e+01 0.000000000000000000e+00
-1.298715019226074219e+01 1.772989273071289062e+01 7.000000000000000000e+00
-1.701162719726562500e+01 -5.853996753692626953e+00 9.000000000000000000e+00
-6.227386951446533203e+00 -8.929916620254516602e-01 8.000000000000000000e+00
-1.242216587066650391e+01 -4.769639968872070312e+00 4.000000000000000000e+00
-7.645775794982910156e+00 1.325535297393798828e+01 9.000000000000000000e+00
-2.642348289489746094e+00 -7.327107906341552734e+00 8.000000000000000000e+00
1.377116298675537109e+01 -1.677316665649414062e+01 0.000000000000000000e+00
-1.433250427246093750e+00 -5.505190491676330566e-01 1.000000000000000000e+00
-1.984566599130630493e-01 1.038738131523132324e+00 1.000000000000000000e+00
1.624198150634765625e+01 -1.014069080352783203e+01 0.000000000000000000e+00
1.517889785766601562e+01 -8.622875213623046875e+00 2.000000000000000000e+00
-1.007848739624023438e+00 -7.541423320770263672e+00 2.000000000000000000e+00
4.888143539428710938e+00 -1.685641479492187500e+01 3.000000000000000000e+00
1.251178169250488281e+01 -1.005469894409179688e+01 2.000000000000000000e+00
-1.867684936523437500e+01 7.022280693054199219e+00 4.000000000000000000e+00
-6.934704303741455078e+00 -3.352792739868164062e+00 4.000000000000000000e+00
1.027316761016845703e+01 -1.803843116760253906e+01 5.000000000000000000e+00
-1.196873664855957031e+00 5.374107360839843750e+00 8.000000000000000000e+00
2.036900901794433594e+01 -4.257764816284179688e+00 6.000000000000000000e+00
-8.475055694580078125e+00 -8.094715118408203125e+00 5.000000000000000000e+00
-9.134616851806640625e+00 1.730878829956054688e+01 7.000000000000000000e+00
-2.051089096069335938e+01 1.614320373535156250e+01 7.000000000000000000e+00
-4.933172702789306641e+00 -1.716313511133193970e-01 8.000000000000000000e+00
-3.300750494003295898e+00 -7.926883220672607422e+00 8.000000000000000000e+00
-7.373985290527343750e+00 1.344270992279052734e+01 9.000000000000000000e+00
-3.574483633041381836e+00 4.813366413116455078e+00 7.000000000000000000e+00
-1.187814140319824219e+01 7.978015899658203125e+00 4.000000000000000000e+00
-1.162250804901123047e+01 1.162629604339599609e+00 7.000000000000000000e+00
3.194833040237426758e+00 -1.749756813049316406e+01 3.000000000000000000e+00
-1.081409215927124023e+00 -8.191012382507324219e+00 2.000000000000000000e+00
1.671769332885742188e+01 -1.958920669555664062e+01 0.000000000000000000e+00
2.550661563873291016e-01 1.396662998199462891e+01 8.000000000000000000e+00
1.964385223388671875e+01 -4.174883842468261719e+00 6.000000000000000000e+00
-4.982770383358001709e-01 -1.050464820861816406e+01 8.000000000000000000e+00
1.748500251770019531e+01 -4.801986217498779297e+00 6.000000000000000000e+00
-4.442546367645263672e+00 2.481869220733642578e+00 1.000000000000000000e+00
2.112742996215820312e+01 -3.940783500671386719e+00 6.000000000000000000e+00
2.173757553100585938e+00 -4.600116729736328125e+00 8.000000000000000000e+00
-7.790797710418701172e+00 1.516750812530517578e+01 9.000000000000000000e+00
-1.510856914520263672e+01 -2.421853780746459961e+00 4.000000000000000000e+00
1.622250747680664062e+01 -1.728147888183593750e+01 0.000000000000000000e+00
3.956151902675628662e-01 4.832772254943847656e+00 9.000000000000000000e+00
1.662728309631347656e+01 -1.570587921142578125e+01 0.000000000000000000e+00
-4.894433498382568359e+00 6.445387363433837891e+00 4.000000000000000000e+00
2.420382976531982422e+00 3.148403406143188477e+00 1.000000000000000000e+00
1.675011038780212402e+00 -1.109428787231445312e+01 5.000000000000000000e+00
-1.074258899688720703e+01 1.798303413391113281e+01 4.000000000000000000e+00
1.391320228576660156e+00 7.248784542083740234e+00 7.000000000000000000e+00
1.040352916717529297e+01 -1.656274986267089844e+01 5.000000000000000000e+00
-3.572135210037231445e+00 -1.395722675323486328e+01 3.000000000000000000e+00
-1.043040657043457031e+01 1.574183273315429688e+01 7.000000000000000000e+00
-6.578953742980957031e+00 4.616559028625488281e+00 4.000000000000000000e+00
-9.106328010559082031e+00 1.333586406707763672e+01 9.000000000000000000e+00
-4.454264163970947266e+00 1.467791461944580078e+01 8.000000000000000000e+00
1.115140914916992188e+01 -1.533052635192871094e+01 5.000000000000000000e+00
-2.414069652557373047e+00 1.501070499420166016e+01 8.000000000000000000e+00
1.825650024414062500e+01 -5.779815673828125000e+00 6.000000000000000000e+00
-2.048174142837524414e+00 -5.690071105957031250e+00 3.000000000000000000e+00
7.827072143554687500e-01 1.421978569030761719e+01 8.000000000000000000e+00
-1.040239906311035156e+01 2.952571392059326172e+00 6.000000000000000000e+00
-1.126844310760498047e+01 1.297227478027343750e+01 9.000000000000000000e+00
-1.529588794708251953e+01 -6.209918975830078125e+00 9.000000000000000000e+00
4.834819316864013672e+00 -8.608956336975097656e-01 1.000000000000000000e+00
-1.198934197425842285e+00 1.340447902679443359e+01 8.000000000000000000e+00
3.570729255676269531e+00 -1.437853336334228516e+01 3.000000000000000000e+00
3.998886823654174805e+00 -1.323610305786132812e+01 5.000000000000000000e+00
-2.991302967071533203e+00 1.589053535461425781e+01 8.000000000000000000e+00
-8.331550598144531250e+00 -2.809857130050659180e+00 6.000000000000000000e+00
7.808824539184570312e+00 8.531386375427246094e+00 5.000000000000000000e+00
-1.164808559417724609e+01 1.401125049591064453e+01 9.000000000000000000e+00
-1.387343978881835938e+01 1.441109561920166016e+01 7.000000000000000000e+00
9.411533355712890625e+00 -1.130884838104248047e+01 2.000000000000000000e+00
8.564764022827148438e+00 6.867238521575927734e+00 5.000000000000000000e+00
1.496449184417724609e+01 -7.612455368041992188e+00 0.000000000000000000e+00
1.167020440101623535e+00 1.532853794097900391e+01 8.000000000000000000e+00
-6.351468086242675781e+00 -2.726871728897094727e+00 5.000000000000000000e+00
4.413522720336914062e+00 -2.082656621932983398e+00 1.000000000000000000e+00
-2.375243008136749268e-01 2.197832107543945312e+00 1.000000000000000000e+00
1.662914848327636719e+01 -1.813866424560546875e+01 0.000000000000000000e+00
-9.594858169555664062e+00 2.911608695983886719e+00 9.000000000000000000e+00
4.916566848754882812e+00 6.444000005722045898e-01 1.000000000000000000e+00
-1.517535299062728882e-01 -3.578057050704956055e+00 8.000000000000000000e+00
1.786388397216796875e+01 -3.115709543228149414e+00 6.000000000000000000e+00
-5.187491893768310547e+00 -2.786805868148803711e+00 7.000000000000000000e+00
1.615985870361328125e+01 -1.943115234375000000e+01 0.000000000000000000e+00
-4.463872909545898438e+00 1.091692161560058594e+01 9.000000000000000000e+00
4.277394771575927734e+00 -1.551151275634765625e+01 3.000000000000000000e+00
7.068456649780273438e+00 -1.921646499633789062e+01 0.000000000000000000e+00
-1.164512038230895996e+00 1.537953948974609375e+01 8.000000000000000000e+00
4.760568618774414062e+00 -5.381790161132812500e+00 8.000000000000000000e+00
-1.046705055236816406e+01 1.543804645538330078e+01 9.000000000000000000e+00
1.243896484375000000e+01 -2.301210641860961914e+00 6.000000000000000000e+00
-8.776168823242187500e+00 1.379373741149902344e+01 7.000000000000000000e+00
3.284237384796142578e+00 1.209152793884277344e+01 8.000000000000000000e+00
-1.351040744781494141e+01 1.252845859527587891e+01 4.000000000000000000e+00
-5.257916450500488281e+00 2.178366422653198242e+00 7.000000000000000000e+00
9.595053672790527344e+00 -1.489010238647460938e+01 5.000000000000000000e+00
-3.313632488250732422e+00 1.221150302886962891e+01 9.000000000000000000e+00
-1.230210781097412109e+01 -4.784038066864013672e+00 2.000000000000000000e+00
1.554968547821044922e+01 1.264059901237487793e+00 6.000000000000000000e+00
-8.460518836975097656e+00 1.438446426391601562e+01 7.000000000000000000e+00
-1.783178138732910156e+01 -1.831465482711791992e+00 4.000000000000000000e+00
7.817167282104492188e+00 7.256295204162597656e+00 5.000000000000000000e+00
-4.494464397430419922e+00 1.108482551574707031e+01 9.000000000000000000e+00
-1.112908267974853516e+01 -4.747553825378417969e+00 2.000000000000000000e+00
1.166544333100318909e-01 -2.700167894363403320e+00 3.000000000000000000e+00
3.687149047851562500e+00 -1.800042271614074707e+00 1.000000000000000000e+00
1.364283180236816406e+01 -8.043001592159271240e-02 6.000000000000000000e+00
3.249017715454101562e+00 -1.634761047363281250e+01 3.000000000000000000e+00
-1.103338241577148438e+01 6.041435718536376953e+00 9.000000000000000000e+00
-1.053226184844970703e+01 -6.187780380249023438e+00 2.000000000000000000e+00
-4.829612672328948975e-01 -8.045236587524414062e+00 2.000000000000000000e+00
8.603610038757324219e+00 -1.414090919494628906e+01 5.000000000000000000e+00
1.445544433593750000e+01 -1.215438604354858398e+00 6.000000000000000000e+00
-5.822207450866699219e+00 3.490587949752807617e+00 8.000000000000000000e+00
1.564415168762207031e+01 -1.892519378662109375e+01 0.000000000000000000e+00
-1.526655387878417969e+01 1.429334163665771484e+01 7.000000000000000000e+00
-1.298286533355712891e+01 -6.454236030578613281e+00 7.000000000000000000e+00
-7.847222685813903809e-01 1.370537281036376953e+00 1.000000000000000000e+00
-4.496958732604980469e+00 9.434819221496582031e+00 9.000000000000000000e+00
-7.672125101089477539e-01 1.672631072998046875e+01 8.000000000000000000e+00
2.260216712951660156e+00 5.151832103729248047e+00 7.000000000000000000e+00
1.627382087707519531e+01 -1.426988315582275391e+01 0.000000000000000000e+00
-2.180566978454589844e+01 4.476336762309074402e-02 9.000000000000000000e+00
-6.404759407043457031e+00 1.159906768798828125e+01 9.000000000000000000e+00
-1.077564716339111328e+01 -3.774207353591918945e+00 4.000000000000000000e+00
1.697134971618652344e+01 -4.130397796630859375e+00 6.000000000000000000e+00
6.855752944946289062e+00 -2.704935312271118164e+00 2.000000000000000000e+00
1.675047755241394043e+00 1.812373733520507812e+01 8.000000000000000000e+00
3.392396450042724609e+00 -3.054923534393310547e+00 5.000000000000000000e+00
2.114378452301025391e+00 -6.650869250297546387e-01 1.000000000000000000e+00
-1.276574802398681641e+01 8.357824325561523438e+00 4.000000000000000000e+00
4.352167129516601562e+00 -2.078480482101440430e+00 1.000000000000000000e+00
9.486417770385742188e+00 -7.309822559356689453e+00 5.000000000000000000e+00
9.903738975524902344e+00 -1.460382270812988281e+01 5.000000000000000000e+00
3.081198930740356445e+00 2.220107078552246094e+00 1.000000000000000000e+00
-1.202249240875244141e+01 1.555969715118408203e+01 7.000000000000000000e+00
2.519006967544555664e+00 -9.677253723144531250e+00 3.000000000000000000e+00
1.927207756042480469e+01 -4.625260353088378906e+00 6.000000000000000000e+00
9.543473243713378906e+00 -7.747155666351318359e+00 4.000000000000000000e+00
1.583718657493591309e+00 -1.633324813842773438e+01 3.000000000000000000e+00
1.011523914337158203e+01 -1.674293136596679688e+01 2.000000000000000000e+00
8.252373695373535156e+00 -1.500378799438476562e+01 5.000000000000000000e+00
5.219668388366699219e+00 -5.849143981933593750e+00 6.000000000000000000e+00
-1.861784553527832031e+01 6.892302513122558594e+00 4.000000000000000000e+00
-1.542872047424316406e+01 -2.860349655151367188e+00 4.000000000000000000e+00
1.535852622985839844e+01 -1.322114181518554688e+01 0.000000000000000000e+00
-9.243227005004882812e+00 2.207175493240356445e+00 4.000000000000000000e+00
-1.184129524230957031e+01 8.804446220397949219e+00 4.000000000000000000e+00
1.491115474700927734e+01 -1.539032459259033203e-01 6.000000000000000000e+00
-9.998277664184570312e+00 1.616834640502929688e+01 7.000000000000000000e+00
-1.703052520751953125e+01 1.201807689666748047e+01 2.000000000000000000e+00
-1.335137271881103516e+01 8.797211647033691406e+00 4.000000000000000000e+00
3.362666964530944824e-01 -3.478183746337890625e+00 3.000000000000000000e+00
7.016080379486083984e+00 -1.626264572143554688e+01 3.000000000000000000e+00
-5.918498516082763672e+00 1.127420783042907715e+00 8.000000000000000000e+00
1.639057731628417969e+01 -1.464620590209960938e+01 0.000000000000000000e+00
1.677025413513183594e+01 -1.825746345520019531e+01 0.000000000000000000e+00
3.357367992401123047e+00 -1.557674980163574219e+01 3.000000000000000000e+00
6.722591876983642578e+00 -3.854267597198486328e-01 2.000000000000000000e+00
-1.070996856689453125e+01 -4.463313102722167969e+00 2.000000000000000000e+00
-3.565274000167846680e+00 7.228219509124755859e+00 9.000000000000000000e+00
-7.320795655250549316e-01 1.836587715148925781e+01 8.000000000000000000e+00
-1.637520408630371094e+01 1.624492645263671875e+01 2.000000000000000000e+00
3.186177730560302734e+00 -1.738353157043457031e+01 3.000000000000000000e+00
-1.889746284484863281e+01 1.523249435424804688e+01 7.000000000000000000e+00
1.336001968383789062e+01 -1.433380889892578125e+01 0.000000000000000000e+00
-2.132992029190063477e+00 9.211836457252502441e-01 1.000000000000000000e+00
2.920493364334106445e+00 1.533771306276321411e-01 1.000000000000000000e+00
8.854128837585449219e+00 -2.481555175781250000e+01 0.000000000000000000e+00
1.066289234161376953e+01 -1.439867305755615234e+01 2.000000000000000000e+00
5.323068797588348389e-02 -1.525270271301269531e+01 3.000000000000000000e+00
-7.397447228431701660e-01 -9.454528808593750000e+00 3.000000000000000000e+00
-2.473378896713256836e+00 -6.870824337005615234e+00 8.000000000000000000e+00
-1.708260345458984375e+01 4.942396283149719238e-01 4.000000000000000000e+00
-2.443876981735229492e+00 -2.867532730102539062e+00 3.000000000000000000e+00
5.943110466003417969e+00 8.660321235656738281e+00 5.000000000000000000e+00
-1.313612365722656250e+01 1.363995456695556641e+01 7.000000000000000000e+00
1.747031974792480469e+01 1.156953215599060059e+00 6.000000000000000000e+00
-1.561607837677001953e+01 -3.434936046600341797e+00 4.000000000000000000e+00
-1.565581321716308594e+01 1.677681732177734375e+01 7.000000000000000000e+00
-3.092749118804931641e+00 3.850228786468505859e+00 7.000000000000000000e+00
1.970177888870239258e-01 1.608185386657714844e+01 8.000000000000000000e+00
4.271411418914794922e+00 -7.769748210906982422e+00 5.000000000000000000e+00
-1.107908153533935547e+01 1.320895290374755859e+01 9.000000000000000000e+00
-5.324252128601074219e+00 4.343970298767089844e+00 7.000000000000000000e+00
1.907603263854980469e+01 -1.205234527587890625e+01 0.000000000000000000e+00
3.123694419860839844e+00 -8.956045150756835938e+00 3.000000000000000000e+00
3.032996654510498047e+00 1.591245770454406738e+00 1.000000000000000000e+00
3.369268417358398438e+00 -8.485784530639648438e+00 6.000000000000000000e+00
1.596307754516601562e+01 -1.283806705474853516e+01 2.000000000000000000e+00
-1.436040282249450684e+00 8.687909126281738281e+00 4.000000000000000000e+00
-4.528253078460693359e-01 -1.872590255737304688e+01 3.000000000000000000e+00
1.553295135498046875e+01 3.482054948806762695e+00 4.000000000000000000e+00
-1.579032421112060547e+01 6.053194999694824219e+00 4.000000000000000000e+00
-9.624572753906250000e+00 2.234946250915527344e+00 7.000000000000000000e+00
9.378135681152343750e+00 7.401371002197265625e+00 5.000000000000000000e+00
-7.028835773468017578e+00 6.666692256927490234e+00 9.000000000000000000e+00
1.895985221862792969e+01 -1.830316185951232910e+00 6.000000000000000000e+00
1.349956417083740234e+01 -1.436532974243164062e+01 9.000000000000000000e+00
1.809471511840820312e+01 -1.153981685638427734e+01 0.000000000000000000e+00
-2.038364219665527344e+01 1.581977176666259766e+01 7.000000000000000000e+00
1.338684678077697754e+00 3.609439849853515625e+00 1.000000000000000000e+00
-4.423824787139892578e+00 -2.582202196121215820e+00 4.000000000000000000e+00
1.316007232666015625e+01 -1.087891674041748047e+01 2.000000000000000000e+00
-1.868353652954101562e+01 1.917538070678710938e+01 7.000000000000000000e+00
-1.018199548125267029e-01 -1.897748565673828125e+01 3.000000000000000000e+00
1.092727565765380859e+01 -1.914495658874511719e+01 6.000000000000000000e+00
-9.924412727355957031e+00 1.894413757324218750e+01 7.000000000000000000e+00
-3.140384435653686523e+00 5.708359241485595703e+00 5.000000000000000000e+00
-1.734647303819656372e-01 1.659627342224121094e+01 8.000000000000000000e+00
-1.762102508544921875e+01 7.326862812042236328e-01 4.000000000000000000e+00
9.717748641967773438e+00 1.039583301544189453e+01 5.000000000000000000e+00
1.058257293701171875e+01 -5.588252544403076172e+00 5.000000000000000000e+00
1.469889545440673828e+01 -9.985354423522949219e+00 2.000000000000000000e+00
1.459070920944213867e+00 7.578291893005371094e+00 7.000000000000000000e+00
3.809689998626708984e+00 -1.265004634857177734e+00 1.000000000000000000e+00
3.364689350128173828e+00 6.522806286811828613e-01 1.000000000000000000e+00
8.427464485168457031e+00 1.023195266723632812e+01 5.000000000000000000e+00
1.346031308174133301e+00 -7.528125762939453125e+00 6.000000000000000000e+00
6.133686304092407227e-01 1.701414489746093750e+01 8.000000000000000000e+00
-5.315767288208007812e+00 -1.116855049133300781e+01 5.000000000000000000e+00
8.761402964591979980e-01 1.775028610229492188e+01 8.000000000000000000e+00
-1.706160354614257812e+01 -1.426450610160827637e+00 4.000000000000000000e+00
1.425007915496826172e+01 -1.401133251190185547e+01 0.000000000000000000e+00
-1.444662189483642578e+01 1.413526916503906250e+01 7.000000000000000000e+00
-1.012610816955566406e+01 1.157014560699462891e+01 9.000000000000000000e+00
-8.461644172668457031e+00 1.585863685607910156e+01 9.000000000000000000e+00
1.408537960052490234e+01 -6.819923400878906250e+00 2.000000000000000000e+00
-1.029257106781005859e+01 -3.713500261306762695e+00 9.000000000000000000e+00
-8.662567138671875000e+00 2.105594253540039062e+01 7.000000000000000000e+00
-1.737084197998046875e+01 1.650427436828613281e+01 7.000000000000000000e+00
1.160734176635742188e+01 9.327397346496582031e+00 8.000000000000000000e+00
6.621260643005371094e-01 4.999199390411376953e+00 7.000000000000000000e+00
-1.652523994445800781e+01 6.000288486480712891e+00 4.000000000000000000e+00
2.333403676748275757e-01 -3.407389640808105469e+00 2.000000000000000000e+00
1.492349052429199219e+01 7.244276255369186401e-02 6.000000000000000000e+00
-1.196834850311279297e+01 1.782772302627563477e+00 9.000000000000000000e+00
5.475848674774169922e+00 1.241247057914733887e+00 1.000000000000000000e+00
-1.606243896484375000e+01 1.903954315185546875e+01 7.000000000000000000e+00
1.660927963256835938e+01 -1.055918884277343750e+01 0.000000000000000000e+00
2.110605049133300781e+01 -3.229619860649108887e-01 6.000000000000000000e+00
-1.228519058227539062e+01 5.336367130279541016e+00 4.000000000000000000e+00
-2.325720071792602539e+00 -1.594421291351318359e+01 2.000000000000000000e+00
5.970392227172851562e+00 9.420142173767089844e+00 5.000000000000000000e+00
1.329273581504821777e+00 7.057248592376708984e+00 7.000000000000000000e+00
1.470473670959472656e+01 -1.438106918334960938e+01 0.000000000000000000e+00
1.520301103591918945e+00 1.262937545776367188e+01 7.000000000000000000e+00
1.578630208969116211e+00 -5.049744844436645508e-01 1.000000000000000000e+00
1.251879215240478516e+01 -1.102468776702880859e+01 0.000000000000000000e+00
2.675002813339233398e-01 -3.763714551925659180e+00 3.000000000000000000e+00
-1.414803504943847656e+01 1.234974575042724609e+01 7.000000000000000000e+00
1.628997230529785156e+01 2.690525054931640625e+00 6.000000000000000000e+00
6.885308742523193359e+00 -9.824242591857910156e+00 5.000000000000000000e+00
1.384231281280517578e+01 -1.144802284240722656e+01 0.000000000000000000e+00
8.583657264709472656e+00 -2.225400924682617188e+00 6.000000000000000000e+00
-8.224695920944213867e-01 3.746712923049926758e+00 1.000000000000000000e+00
1.391800403594970703e+00 -1.176320552825927734e+01 5.000000000000000000e+00
4.726684570312500000e+00 -1.154950976371765137e+00 1.000000000000000000e+00
-1.849246025085449219e+01 1.260742473602294922e+01 7.000000000000000000e+00
-5.239085197448730469e+00 3.274090290069580078e+00 8.000000000000000000e+00
4.121026515960693359e+00 -1.107639312744140625e+01 5.000000000000000000e+00
1.397484874725341797e+01 -1.500440788269042969e+01 0.000000000000000000e+00
1.446204280853271484e+01 -4.370439052581787109e+00 3.000000000000000000e+00
-1.630178451538085938e+01 6.152697086334228516e+00 4.000000000000000000e+00
-3.134745121002197266e+00 5.014684677124023438e+00 7.000000000000000000e+00
-1.687532806396484375e+01 1.871294975280761719e+01 7.000000000000000000e+00
6.502213954925537109e+00 -8.919008255004882812e+00 5.000000000000000000e+00
-4.709231853485107422e+00 1.967530250549316406e+01 7.000000000000000000e+00
-4.001636505126953125e+00 1.301179409027099609e+01 8.000000000000000000e+00
1.606105995178222656e+01 -1.780072331428527832e+00 6.000000000000000000e+00
-5.775042250752449036e-02 -5.624575614929199219e+00 9.000000000000000000e+00
3.917644262313842773e+00 -1.679224395751953125e+01 3.000000000000000000e+00
-7.213189005851745605e-01 1.448252105712890625e+01 8.000000000000000000e+00
1.583738040924072266e+01 -1.961180806159973145e+00 6.000000000000000000e+00
-4.699657440185546875e+00 -4.099598526954650879e-01 1.000000000000000000e+00
1.480231380462646484e+01 -1.216780471801757812e+01 0.000000000000000000e+00
-3.903247833251953125e+00 9.786268234252929688e+00 9.000000000000000000e+00
-1.298601531982421875e+01 1.892726325988769531e+01 7.000000000000000000e+00
2.022334486246109009e-01 3.261344909667968750e+00 1.000000000000000000e+00
3.597487807273864746e-01 -4.183950424194335938e+00 3.000000000000000000e+00
8.002755165100097656e+00 -2.415585136413574219e+01 0.000000000000000000e+00
9.304393768310546875e+00 1.031802082061767578e+01 5.000000000000000000e+00
-1.202766990661621094e+01 4.117196083068847656e+00 6.000000000000000000e+00
-1.560587501525878906e+01 7.870362758636474609e+00 4.000000000000000000e+00
-1.667008590698242188e+01 1.089196586608886719e+01 4.000000000000000000e+00
1.428046798706054688e+01 -8.091667175292968750e+00 2.000000000000000000e+00
-1.696503639221191406e+01 -4.155602931976318359e+00 4.000000000000000000e+00
5.772389888763427734e+00 -1.364248394966125488e-01 4.000000000000000000e+00
2.116340637207031250e+00 -1.296941757202148438e+01 3.000000000000000000e+00
5.351494312286376953e+00 2.417332828044891357e-01 1.000000000000000000e+00
-1.912784576416015625e+01 1.690799713134765625e+01 7.000000000000000000e+00
-1.107876491546630859e+01 2.020782661437988281e+01 7.000000000000000000e+00
1.149143886566162109e+01 -2.177990198135375977e+00 6.000000000000000000e+00
1.615831756591796875e+01 -1.252084922790527344e+01 0.000000000000000000e+00
4.787460803985595703e+00 -1.524087333679199219e+01 3.000000000000000000e+00
1.557894039154052734e+01 -1.277762413024902344e+00 6.000000000000000000e+00
