1.203595810000000057e+02
1.202239069999999970e+02
1.203462980000000044e+02
1.202960130000000021e+02
1.204943080000000037e+02
1.203994289999999978e+02
1.203083500000000043e+02
1.204943080000000037e+02
1.203111949999999979e+02
1.202931669999999968e+02
1.203462980000000044e+02
1.203994289999999978e+02
1.203083500000000043e+02
1.202884219999999971e+02
1.202960130000000021e+02
1.202931669999999968e+02
1.203595810000000057e+02
1.203083500000000043e+02
1.204943080000000037e+02
1.203083500000000043e+02
1.202884219999999971e+02
1.202239069999999970e+02
1.203111949999999979e+02
1.202884219999999971e+02
1.203111949999999979e+02
1.202931669999999968e+02
1.203111949999999979e+02
1.203595810000000057e+02
1.203595810000000057e+02
1.203994289999999978e+02
1.203111949999999979e+02
1.203111949999999979e+02
1.204943080000000037e+02
1.204943080000000037e+02
1.203083500000000043e+02
1.203083500000000043e+02
1.203111949999999979e+02
1.203111949999999979e+02
1.202239069999999970e+02
1.203462980000000044e+02
1.203083500000000043e+02
1.202960130000000021e+02
1.203083500000000043e+02
1.203111949999999979e+02
1.203083500000000043e+02
1.202884219999999971e+02
1.202239069999999970e+02
1.204943080000000037e+02
1.203462980000000044e+02
1.202884219999999971e+02
1.230037920000000042e+02
1.258434519999999992e+02
1.271138530000000060e+02
1.202931669999999968e+02
1.203462980000000044e+02
1.202239069999999970e+02
1.203595810000000057e+02
1.203595810000000057e+02
1.204943080000000037e+02
1.203595810000000057e+02
1.203462980000000044e+02
1.202931669999999968e+02
1.230863339999999937e+02
1.271802670000000006e+02
1.271138530000000060e+02
1.246185990000000032e+02
1.229535139999999984e+02
1.230037920000000042e+02
1.203994289999999978e+02
1.203994289999999978e+02
1.203111949999999979e+02
1.204943080000000037e+02
1.202239069999999970e+02
1.204943080000000037e+02
1.203462980000000044e+02
1.202884219999999971e+02
1.204943080000000037e+02
1.245664139999999946e+02
1.270626220000000046e+02
1.271802670000000006e+02
1.257770390000000020e+02
1.203595810000000057e+02
1.204943080000000037e+02
1.203994289999999978e+02
1.204943080000000037e+02
1.203111949999999979e+02
1.203595810000000057e+02
1.203083500000000043e+02
1.202931669999999968e+02
1.203083500000000043e+02
1.272495270000000005e+02
1.271802670000000006e+02
1.272049329999999969e+02
1.242808380000000028e+02
1.227741929999999968e+02
1.243662259999999975e+02
1.243975300000000033e+02
1.258927920000000000e+02
1.246461110000000048e+02
1.229535139999999984e+02
1.202239069999999970e+02
1.204943080000000037e+02
1.229487689999999986e+02
1.258927920000000000e+02
1.271366199999999935e+02
1.271802670000000006e+02
1.243719179999999938e+02
1.227666020000000060e+02
1.203462980000000044e+02
1.203111949999999979e+02
1.203462980000000044e+02
1.202239069999999970e+02
1.202960130000000021e+02
1.202931669999999968e+02
1.202239069999999970e+02
1.203462980000000044e+02
1.202239069999999970e+02
1.243852009999999950e+02
1.270597690000000028e+02
1.242428819999999945e+02
1.243662259999999975e+02
1.227286529999999942e+02
1.203111949999999979e+02
1.204943080000000037e+02
1.202931669999999968e+02
1.203595810000000057e+02
1.227741929999999968e+02
1.257770390000000020e+02
1.260588230000000038e+02
1.258776090000000067e+02
1.271347269999999980e+02
1.271802670000000006e+02
1.243662259999999975e+02
1.203994289999999978e+02
1.202884219999999971e+02
1.203111949999999979e+02
1.204943080000000037e+02
1.204943080000000037e+02
1.203994289999999978e+02
1.203462980000000044e+02
1.203083500000000043e+02
1.203111949999999979e+02
1.203595810000000057e+02
1.203111949999999979e+02
1.202884219999999971e+02
1.256745760000000018e+02
1.257049329999999969e+02
1.202884219999999971e+02
1.203462980000000044e+02
1.203111949999999979e+02
1.204943080000000037e+02
1.202884219999999971e+02
1.202239069999999970e+02
1.203111949999999979e+02
1.203994289999999978e+02
1.203595810000000057e+02
1.203111949999999979e+02
1.202960130000000021e+02
1.203994289999999978e+02
1.203994289999999978e+02
1.203462980000000044e+02
1.203994289999999978e+02
1.202239069999999970e+02
1.202239069999999970e+02
1.203994289999999978e+02
1.202884219999999971e+02
1.203111949999999979e+02
1.202931669999999968e+02
1.202884219999999971e+02
1.202960130000000021e+02
1.203111949999999979e+02
1.203994289999999978e+02
1.203462980000000044e+02
1.203111949999999979e+02
1.202931669999999968e+02
1.203994289999999978e+02
1.202239069999999970e+02
1.202960130000000021e+02
1.202960130000000021e+02
1.202960130000000021e+02
1.203462980000000044e+02
1.202931669999999968e+02
1.203462980000000044e+02
1.203595810000000057e+02
1.204943080000000037e+02
1.202239069999999970e+02
1.203462980000000044e+02
1.202960130000000021e+02
1.202239069999999970e+02
1.203994289999999978e+02
1.202239069999999970e+02
1.202239069999999970e+02
1.203462980000000044e+02
1.203111949999999979e+02
1.203595810000000057e+02
1.204943080000000037e+02
