0.000000	17.000000	120.140419	27.100000
1.000000	67.000000	120.235291	27.100000
2.000000	117.000000	120.215370	27.100000
3.000000	167.000000	120.179314	27.100000
4.000000	217.000000	120.142319	27.100000
5.000000	267.000000	120.222961	27.100000
6.000000	317.000000	120.181213	27.100000
7.000000	367.000000	120.250473	27.100000
8.000000	417.000000	120.255219	27.100000
9.000000	467.000000	120.233398	27.100000
10.000000	517.000000	120.202087	27.100000
11.000000	567.000000	120.223907	27.100000
12.000000	617.000000	120.180267	27.100000
13.000000	667.000000	120.214424	27.200000
14.000000	717.000000	120.181213	27.200000
15.000000	767.000000	120.236244	27.200000
16.000000	817.000000	120.173622	27.200000
17.000000	867.000000	120.185013	27.100000
18.000000	917.000000	120.256165	27.100000
19.000000	967.000000	120.131882	27.100000
20.000000	1017.000000	120.221062	27.100000
21.000000	1067.000000	120.215370	27.100000
22.000000	1117.000000	120.124290	27.100000
23.000000	1167.000000	120.250473	27.100000
24.000000	1217.000000	120.240990	27.100000
25.000000	1267.000000	120.156548	27.100000
26.000000	1317.000000	120.251427	27.100000
27.000000	1367.000000	120.241936	27.100000
28.000000	1417.000000	120.223907	27.100000
29.000000	1467.000000	120.275139	27.200000
30.000000	1517.000000	120.219162	27.200000
31.000000	1567.000000	120.275139	27.200000
32.000000	1617.000000	120.194496	27.200000
33.000000	1667.000000	120.255219	27.100000
34.000000	1717.000000	120.263756	27.100000
35.000000	1767.000000	120.287476	27.100000
36.000000	1817.000000	120.208725	27.100000
37.000000	1867.000000	120.287476	27.100000
38.000000	1917.000000	120.236244	27.100000
39.000000	1967.000000	120.272293	27.100000
40.000000	2017.000000	120.193550	27.100000
41.000000	2067.000000	120.271347	27.100000
42.000000	2117.000000	120.240036	27.100000
43.000000	2167.000000	120.270401	27.100000
44.000000	2217.000000	120.191650	27.100000
45.000000	2267.000000	120.266602	27.100000
46.000000	2317.000000	120.196396	27.100000
47.000000	2367.000000	120.211578	27.100000
48.000000	2417.000000	120.184059	27.100000
49.000000	2467.000000	120.174576	27.200000
50.000000	2517.000000	120.200188	27.200000
51.000000	2567.000000	120.252373	27.200000
52.000000	2617.000000	120.182159	27.200000
53.000000	2667.000000	120.251427	27.100000
54.000000	2717.000000	120.267555	27.100000
55.000000	2767.000000	120.256165	27.100000
56.000000	2817.000000	120.246681	27.100000
57.000000	2867.000000	120.234344	27.100000
58.000000	2917.000000	120.267555	27.100000
59.000000	2967.000000	120.246681	27.100000
60.000000	3017.000000	120.197342	27.100000
61.000000	3067.000000	120.283684	27.100000
62.000000	3117.000000	120.183113	27.100000
63.000000	3167.000000	120.295067	27.100000
64.000000	3217.000000	120.194496	27.100000
65.000000	3267.000000	120.291275	27.100000
66.000000	3317.000000	120.275139	27.100000
67.000000	3367.000000	120.295067	27.100000
68.000000	3417.000000	120.243835	27.100000
69.000000	3467.000000	120.290321	27.100000
70.000000	3517.000000	120.266602	27.100000
71.000000	3567.000000	120.322578	27.100000
72.000000	3617.000000	120.250473	27.100000
73.000000	3667.000000	120.303604	27.100000
74.000000	3717.000000	120.141365	27.100000
75.000000	3767.000000	120.203033	27.100000
76.000000	3817.000000	120.178368	27.100000
77.000000	3867.000000	120.280838	27.100000
78.000000	3917.000000	120.226753	27.100000
79.000000	3967.000000	120.267555	27.100000
80.000000	4017.000000	120.273247	27.100000
81.000000	4067.000000	120.272293	27.100000
82.000000	4117.000000	120.259010	27.100000
83.000000	4167.000000	120.300758	27.100000
84.000000	4217.000000	120.328270	27.100000
85.000000	4267.000000	120.286530	27.100000
86.000000	4317.000000	120.206833	27.100000
87.000000	4367.000000	120.298859	27.100000
88.000000	4417.000000	120.242882	27.100000
89.000000	4467.000000	120.245728	27.100000
90.000000	4517.000000	120.269447	27.100000
91.000000	4567.000000	120.328270	27.100000
92.000000	4617.000000	120.259964	27.100000
93.000000	4667.000000	120.273247	27.100000
94.000000	4717.000000	120.220116	27.100000
95.000000	4767.000000	120.246681	27.100000
96.000000	4817.000000	120.197342	27.100000
97.000000	4867.000000	120.288422	27.100000
98.000000	4917.000000	120.227707	27.100000
99.000000	4967.000000	120.298859	27.100000
100.000000	5017.000000	120.269447	27.100000
101.000000	5067.000000	120.310249	27.100000
102.000000	5117.000000	120.295067	27.100000
103.000000	5167.000000	120.257118	27.100000
104.000000	5217.000000	120.327324	27.100000
105.000000	5267.000000	120.272293	27.100000
106.000000	5317.000000	120.231499	27.100000
107.000000	5367.000000	120.323532	27.100000
108.000000	5417.000000	120.273247	27.100000
109.000000	5467.000000	120.308350	27.200000
110.000000	5517.000000	120.291275	27.200000
111.000000	5567.000000	120.328270	27.200000
112.000000	5617.000000	120.308350	27.100000
113.000000	5667.000000	120.291275	27.100000
114.000000	5717.000000	120.285576	27.100000
115.000000	5767.000000	120.249527	27.100000
116.000000	5817.000000	120.230553	27.100000
117.000000	5867.000000	120.308350	27.100000
118.000000	5917.000000	120.279884	27.100000
119.000000	5967.000000	120.277992	27.100000
120.000000	6017.000000	120.247627	27.100000
121.000000	6067.000000	120.295067	27.100000
122.000000	6117.000000	120.271347	27.100000
123.000000	6167.000000	120.333969	27.100000
124.000000	6217.000000	120.230553	27.100000
125.000000	6267.000000	120.256165	27.100000
126.000000	6317.000000	120.241936	27.100000
127.000000	6367.000000	120.294121	27.100000
128.000000	6417.000000	120.214424	27.100000
129.000000	6467.000000	120.323532	27.100000
130.000000	6517.000000	120.301704	27.100000
131.000000	6567.000000	120.232445	27.100000
132.000000	6617.000000	120.225807	27.100000
133.000000	6667.000000	120.235291	27.100000
134.000000	6717.000000	120.240036	27.100000
135.000000	6767.000000	120.240990	27.100000
136.000000	6817.000000	120.240036	27.100000
137.000000	6867.000000	120.214424	27.100000
138.000000	6917.000000	120.243835	27.100000
139.000000	6967.000000	120.296967	27.100000
140.000000	7017.000000	120.262810	27.100000
141.000000	7067.000000	120.248573	27.100000
142.000000	7117.000000	120.247627	27.100000
143.000000	7167.000000	120.253319	27.100000
144.000000	7217.000000	120.251427	27.100000
145.000000	7267.000000	120.233398	27.100000
146.000000	7317.000000	120.276093	27.100000
147.000000	7367.000000	120.301704	27.100000
148.000000	7417.000000	120.298859	27.100000
149.000000	7467.000000	120.244781	27.100000
150.000000	7517.000000	120.299812	27.100000
151.000000	7567.000000	120.288422	27.100000
152.000000	7617.000000	120.240990	27.100000
153.000000	7667.000000	120.255219	27.100000
154.000000	7717.000000	120.232445	27.100000
155.000000	7767.000000	120.261856	27.100000
156.000000	7817.000000	120.218216	27.100000
157.000000	7867.000000	120.185013	27.100000
158.000000	7917.000000	120.209679	27.100000
159.000000	7967.000000	120.256165	27.100000
160.000000	8017.000000	120.205879	27.100000
161.000000	8067.000000	120.249527	27.100000
162.000000	8117.000000	120.276093	27.100000
163.000000	8167.000000	120.231499	27.100000
164.000000	8217.000000	120.168877	27.100000
165.000000	8267.000000	120.302658	27.100000
166.000000	8318.000000	120.204933	27.100000
167.000000	8367.000000	120.235291	27.100000
168.000000	8417.000000	120.224861	27.100000
169.000000	8467.000000	120.239090	27.100000
170.000000	8517.000000	120.196396	27.100000
171.000000	8567.000000	120.314987	27.100000
172.000000	8617.000000	120.227707	27.100000
173.000000	8667.000000	120.222008	27.100000
174.000000	8717.000000	120.218216	27.100000
175.000000	8767.000000	120.265656	27.100000
176.000000	8817.000000	120.259964	27.100000
177.000000	8867.000000	120.245728	27.100000
178.000000	8917.000000	120.277992	27.100000
179.000000	8967.000000	120.279884	27.100000
180.000000	9017.000000	120.276093	27.100000
181.000000	9067.000000	120.239090	27.100000
182.000000	9117.000000	120.304558	27.100000
183.000000	9167.000000	120.255219	27.100000
184.000000	9217.000000	120.213470	27.100000
185.000000	9267.000000	120.310249	27.100000
186.000000	9318.000000	120.265656	27.100000
187.000000	9367.000000	120.288422	27.100000
188.000000	9417.000000	120.240990	27.100000
189.000000	9467.000000	120.226753	27.100000
190.000000	9517.000000	120.275139	27.100000
191.000000	9567.000000	120.255219	27.100000
192.000000	9617.000000	120.232445	27.100000
193.000000	9667.000000	120.265656	27.100000
194.000000	9717.000000	120.310249	27.100000
195.000000	9767.000000	120.279884	27.100000
196.000000	9817.000000	120.286530	27.100000
197.000000	9868.000000	120.265656	27.100000
198.000000	9917.000000	120.227707	27.100000
199.000000	9967.000000	120.249527	27.100000
200.000000	10017.000000	120.327324	27.100000
201.000000	10067.000000	120.250473	27.100000
202.000000	10117.000000	120.241936	27.100000
203.000000	10168.000000	120.240036	27.100000
204.000000	10217.000000	120.291275	27.100000
205.000000	10267.000000	120.282730	27.100000
206.000000	10317.000000	120.232445	27.100000
207.000000	10367.000000	120.259010	27.100000
208.000000	10417.000000	120.291275	27.100000
209.000000	10467.000000	120.304558	27.100000
210.000000	10517.000000	120.345352	27.100000
211.000000	10567.000000	120.342506	27.100000
212.000000	10617.000000	120.298859	27.100000
213.000000	10667.000000	120.239090	27.100000
214.000000	10717.000000	120.309296	27.100000
215.000000	10767.000000	120.284630	27.100000
216.000000	10817.000000	120.306450	27.100000
217.000000	10867.000000	120.360535	27.100000
218.000000	10917.000000	120.246681	27.100000
219.000000	10967.000000	120.257118	27.100000
220.000000	11017.000000	120.282730	27.100000
221.000000	11067.000000	120.266602	27.100000
222.000000	11117.000000	120.429794	27.100000
223.000000	11167.000000	120.891838	27.100000
224.000000	11217.000000	121.291275	27.100000
225.000000	11267.000000	121.575905	27.100000
226.000000	11317.000000	121.900383	27.100000
227.000000	11367.000000	122.092033	27.100000
228.000000	11417.000000	122.436432	27.100000
229.000000	11467.000000	122.685013	27.100000
230.000000	11517.000000	122.903229	27.100000
231.000000	11567.000000	123.099617	27.100000
232.000000	11617.000000	123.207779	27.100000
233.000000	11667.000000	123.164139	27.100000
234.000000	11717.000000	123.194496	27.100000
235.000000	11767.000000	123.188805	27.100000
236.000000	11817.000000	123.129982	27.100000
237.000000	11867.000000	123.133774	27.100000
238.000000	11917.000000	123.116699	27.100000
239.000000	11967.000000	123.083488	27.100000
240.000000	12017.000000	123.074005	27.100000
241.000000	12067.000000	123.065468	27.100000
242.000000	12117.000000	123.101517	27.100000
243.000000	12167.000000	123.056923	27.100000
244.000000	12217.000000	122.981972	27.100000
245.000000	12267.000000	123.028465	27.100000
246.000000	12317.000000	122.946869	27.100000
247.000000	12367.000000	122.963943	27.100000
248.000000	12417.000000	122.993362	27.100000
249.000000	12467.000000	122.975334	27.100000
250.000000	12517.000000	122.919357	27.100000
251.000000	12567.000000	122.980080	27.100000
252.000000	12617.000000	122.939278	27.100000
253.000000	12667.000000	122.962051	27.100000
254.000000	12717.000000	123.000946	27.100000
255.000000	12767.000000	122.894684	27.100000
256.000000	12817.000000	122.900383	27.100000
257.000000	12867.000000	122.879509	27.100000
258.000000	12917.000000	122.894684	27.100000
259.000000	12967.000000	122.870964	27.100000
260.000000	13017.000000	122.947815	27.100000
261.000000	13067.000000	122.863380	27.100000
262.000000	13117.000000	123.044594	27.100000
263.000000	13167.000000	123.348198	27.100000
264.000000	13217.000000	123.520874	27.100000
265.000000	13267.000000	123.747627	27.100000
266.000000	13317.000000	123.912712	27.100000
267.000000	13367.000000	124.175522	27.100000
268.000000	13417.000000	124.307404	27.100000
269.000000	13467.000000	124.592979	27.100000
270.000000	13517.000000	124.738144	27.100000
271.000000	13567.000000	124.786530	27.100000
272.000000	13617.000000	124.928841	27.100000
273.000000	13667.000000	124.924095	27.100000
274.000000	13717.000000	124.833969	27.100000
275.000000	13767.000000	124.811195	27.100000
276.000000	13817.000000	124.797913	27.100000
277.000000	13867.000000	124.764709	27.100000
278.000000	13917.000000	124.744781	27.100000
279.000000	13967.000000	124.744781	27.100000
280.000000	14017.000000	124.757118	27.100000
281.000000	14067.000000	124.724861	27.100000
282.000000	14117.000000	124.661293	27.100000
283.000000	14167.000000	124.718216	27.100000
284.000000	14217.000000	124.690704	27.100000
285.000000	14267.000000	124.618599	27.100000
286.000000	14317.000000	124.671730	27.100000
287.000000	14367.000000	124.549339	27.100000
288.000000	14417.000000	124.616699	27.100000
289.000000	14467.000000	124.560722	27.100000
290.000000	14517.000000	124.506638	27.100000
291.000000	14567.000000	124.526566	27.100000
292.000000	14617.000000	124.563568	27.100000
293.000000	14667.000000	124.497154	27.100000
294.000000	14717.000000	124.535103	27.100000
295.000000	14767.000000	124.481972	27.100000
296.000000	14817.000000	124.461098	27.100000
297.000000	14867.000000	124.504745	27.100000
298.000000	14917.000000	124.453514	27.100000
299.000000	14967.000000	124.470589	27.100000
300.000000	15017.000000	124.536057	27.100000
301.000000	15067.000000	124.496208	27.100000
302.000000	15117.000000	124.484818	27.100000
303.000000	15167.000000	124.415558	27.100000
304.000000	15217.000000	124.392792	27.100000
305.000000	15267.000000	124.374763	27.100000
306.000000	15317.000000	124.483871	27.100000
307.000000	15367.000000	124.344398	27.100000
308.000000	15417.000000	124.453514	27.100000
309.000000	15467.000000	124.314987	27.100000
310.000000	15517.000000	124.423149	27.100000
311.000000	15567.000000	124.374763	27.100000
312.000000	15617.000000	124.448769	27.100000
313.000000	15667.000000	124.347252	27.100000
314.000000	15717.000000	124.449715	27.100000
315.000000	15767.000000	124.362427	27.100000
316.000000	15817.000000	124.382355	27.100000
317.000000	15867.000000	124.397530	27.100000
318.000000	15917.000000	124.351044	27.100000
319.000000	15967.000000	124.374763	27.100000
320.000000	16017.000000	124.352943	27.100000
321.000000	16067.000000	124.295067	27.100000
322.000000	16117.000000	124.314041	27.100000
323.000000	16167.000000	124.351044	27.100000
324.000000	16217.000000	124.310249	27.100000
325.000000	16267.000000	124.320686	27.100000
326.000000	16317.000000	124.304558	27.100000
327.000000	16367.000000	124.379509	27.100000
328.000000	16417.000000	124.310249	27.100000
329.000000	16467.000000	124.281784	27.100000
330.000000	16517.000000	124.330170	27.100000
331.000000	16567.000000	124.266602	27.100000
332.000000	16617.000000	124.329224	27.100000
333.000000	16667.000000	124.206833	27.100000
334.000000	16717.000000	124.302658	27.100000
335.000000	16767.000000	124.272293	27.100000
336.000000	16817.000000	124.222961	27.100000
337.000000	16867.000000	124.194496	27.100000
338.000000	16917.000000	124.229599	27.100000
339.000000	16967.000000	124.211578	27.100000
340.000000	17017.000000	124.300758	27.100000
341.000000	17067.000000	124.215370	27.100000
342.000000	17117.000000	124.235291	27.100000
343.000000	17167.000000	124.202087	27.100000
344.000000	17217.000000	124.239090	27.100000
345.000000	17267.000000	124.128082	27.100000
346.000000	17317.000000	124.249527	27.100000
347.000000	17367.000000	124.171730	27.100000
348.000000	17417.000000	124.186905	27.100000
349.000000	17467.000000	124.214424	27.100000
350.000000	17517.000000	124.190704	27.100000
351.000000	17567.000000	124.199242	27.100000
352.000000	17617.000000	124.184059	27.100000
353.000000	17667.000000	124.181213	27.100000
354.000000	17717.000000	124.191650	27.100000
355.000000	17767.000000	124.187859	27.100000
356.000000	17817.000000	124.161293	27.100000
357.000000	17867.000000	124.167931	27.100000
358.000000	17917.000000	124.202087	27.100000
359.000000	17967.000000	124.151802	27.100000
360.000000	18017.000000	124.253319	27.100000
361.000000	18067.000000	124.114799	27.100000
362.000000	18117.000000	124.178368	27.100000
363.000000	18167.000000	124.143265	27.200000
364.000000	18217.000000	124.154648	27.200000
365.000000	18267.000000	124.079697	27.200000
366.000000	18317.000000	124.117645	27.200000
367.000000	18367.000000	124.105316	27.100000
368.000000	18417.000000	124.121445	27.100000
369.000000	18467.000000	124.112900	27.100000
370.000000	18517.000000	124.232445	27.100000
371.000000	18567.000000	124.129036	27.100000
372.000000	18617.000000	124.152748	27.100000
373.000000	18667.000000	124.120491	27.100000
374.000000	18717.000000	124.129036	27.100000
375.000000	18767.000000	124.088234	27.100000
376.000000	18817.000000	124.138519	27.100000
377.000000	18867.000000	124.155602	27.100000
378.000000	18917.000000	124.100571	27.100000
379.000000	18967.000000	124.096771	27.100000
380.000000	19017.000000	124.061668	27.100000
381.000000	19067.000000	124.065468	27.100000
382.000000	19117.000000	124.086334	27.100000
383.000000	19167.000000	124.084442	27.100000
384.000000	19217.000000	124.080643	27.100000
385.000000	19267.000000	124.062622	27.100000
386.000000	19317.000000	124.071159	27.100000
387.000000	19367.000000	124.132828	27.100000
388.000000	19417.000000	124.137573	27.100000
389.000000	19467.000000	124.042694	27.100000
390.000000	19517.000000	124.086334	27.100000
391.000000	19567.000000	123.966797	27.100000
392.000000	19617.000000	124.130928	27.100000
393.000000	19667.000000	124.105316	27.100000
394.000000	19717.000000	124.097725	27.100000
395.000000	19767.000000	124.007591	27.100000
396.000000	19817.000000	124.076851	27.100000
397.000000	19867.000000	124.015182	27.100000
398.000000	19917.000000	124.044594	27.100000
399.000000	19967.000000	124.046486	27.100000
400.000000	20017.000000	124.105316	27.100000
401.000000	20067.000000	124.063568	27.100000
402.000000	20117.000000	124.077797	27.100000
403.000000	20167.000000	123.989563	27.100000
404.000000	20217.000000	124.060722	27.100000
405.000000	20267.000000	124.033203	27.100000
406.000000	20317.000000	124.031311	27.100000
407.000000	20367.000000	123.992409	27.100000
408.000000	20417.000000	124.012337	27.100000
409.000000	20467.000000	123.971535	27.100000
410.000000	20517.000000	123.973434	27.100000
411.000000	20567.000000	123.982925	27.100000
412.000000	20617.000000	124.083488	27.100000
413.000000	20667.000000	123.917458	27.100000
414.000000	20717.000000	124.017075	27.100000
415.000000	20767.000000	123.924095	27.100000
416.000000	20817.000000	124.039848	27.100000
417.000000	20867.000000	123.972488	27.100000
418.000000	20917.000000	124.075905	27.100000
419.000000	20967.000000	123.988617	27.100000
420.000000	21017.000000	123.997154	27.100000
421.000000	21067.000000	123.951614	27.100000
422.000000	21117.000000	124.021820	27.100000
423.000000	21167.000000	123.977226	27.100000
424.000000	21217.000000	124.038902	27.100000
425.000000	21267.000000	124.010437	27.100000
426.000000	21317.000000	123.971535	27.100000
427.000000	21367.000000	123.885201	27.100000
428.000000	21417.000000	123.946869	27.100000
429.000000	21467.000000	123.944969	27.100000
430.000000	21517.000000	124.016129	27.100000
431.000000	21567.000000	123.902275	27.100000
432.000000	21617.000000	123.913666	27.100000
433.000000	21667.000000	123.917458	27.100000
434.000000	21717.000000	123.918404	27.100000
435.000000	21767.000000	123.925995	27.100000
436.000000	21818.000000	123.941177	27.100000
437.000000	21867.000000	123.921249	27.100000
438.000000	21917.000000	123.939278	27.100000
439.000000	21967.000000	123.891838	27.100000
440.000000	22017.000000	123.908920	27.100000
441.000000	22067.000000	123.863380	27.100000
442.000000	22117.000000	123.971535	27.100000
443.000000	22167.000000	123.866226	27.100000
444.000000	22217.000000	124.018974	27.100000
445.000000	22267.000000	123.908920	27.100000
446.000000	22317.000000	123.893738	27.100000
447.000000	22367.000000	123.921249	27.100000
448.000000	22417.000000	123.925049	27.100000
449.000000	22467.000000	123.901329	27.100000
450.000000	22517.000000	123.944969	27.100000
451.000000	22567.000000	123.895638	27.100000
452.000000	22617.000000	123.917458	27.100000
453.000000	22667.000000	123.859581	27.100000
454.000000	22717.000000	123.854836	27.100000
455.000000	22767.000000	123.909866	27.100000
456.000000	22817.000000	123.864326	27.100000
457.000000	22867.000000	123.833015	27.100000
458.000000	22917.000000	123.953514	27.100000
459.000000	22967.000000	123.802658	27.100000
460.000000	23017.000000	123.891838	27.100000
461.000000	23067.000000	123.958252	27.100000
462.000000	23117.000000	123.909866	27.100000
463.000000	23167.000000	123.853889	27.100000
464.000000	23217.000000	123.890892	27.100000
465.000000	23267.000000	123.883301	27.100000
466.000000	23317.000000	123.919357	27.100000
467.000000	23367.000000	123.861481	27.100000
468.000000	23417.000000	123.863380	27.100000
469.000000	23467.000000	123.827324	27.100000
470.000000	23517.000000	123.871918	27.100000
471.000000	23568.000000	123.835861	27.100000
472.000000	23617.000000	123.874763	27.100000
473.000000	23667.000000	123.841553	27.100000
474.000000	23717.000000	123.870964	27.100000
475.000000	23767.000000	123.857681	27.100000
476.000000	23817.000000	123.841553	27.100000
477.000000	23867.000000	123.886147	27.100000
478.000000	23917.000000	123.893738	27.100000
479.000000	23967.000000	123.896584	27.100000
480.000000	24017.000000	123.868118	27.100000
481.000000	24067.000000	123.833969	27.100000
