0.000000	15.000000	120.247627	27.200000
1.000000	65.000000	120.190704	27.200000
2.000000	115.000000	120.198296	27.200000
3.000000	165.000000	120.249527	27.200000
4.000000	215.000000	120.247627	27.200000
5.000000	265.000000	120.236244	27.200000
6.000000	315.000000	120.230553	27.200000
7.000000	365.000000	120.231499	27.200000
8.000000	415.000000	120.259010	27.200000
9.000000	465.000000	120.223907	27.200000
10.000000	515.000000	120.269447	27.200000
11.000000	565.000000	120.265656	27.200000
12.000000	615.000000	120.216316	27.200000
13.000000	665.000000	120.255219	27.200000
14.000000	715.000000	120.195442	27.200000
15.000000	765.000000	120.146111	27.200000
16.000000	815.000000	120.229599	27.200000
17.000000	865.000000	120.218216	27.200000
18.000000	915.000000	120.175522	27.200000
19.000000	965.000000	120.159393	27.200000
20.000000	1015.000000	120.218216	27.200000
21.000000	1065.000000	120.260910	27.200000
22.000000	1115.000000	120.218216	27.200000
23.000000	1165.000000	120.250473	27.200000
24.000000	1215.000000	120.205879	27.200000
25.000000	1265.000000	120.205879	27.200000
26.000000	1315.000000	120.222008	27.200000
27.000000	1365.000000	120.208725	27.200000
28.000000	1415.000000	120.263756	27.200000
29.000000	1465.000000	120.156548	27.200000
30.000000	1515.000000	120.247627	27.200000
31.000000	1565.000000	120.202087	27.200000
32.000000	1615.000000	120.251427	27.200000
33.000000	1665.000000	120.232445	27.200000
34.000000	1715.000000	120.258064	27.200000
35.000000	1765.000000	120.193550	27.200000
36.000000	1815.000000	120.211578	27.200000
37.000000	1865.000000	120.241936	27.200000
38.000000	1915.000000	120.262810	27.200000
39.000000	1965.000000	120.252373	27.200000
40.000000	2015.000000	120.339661	27.200000
41.000000	2065.000000	120.271347	27.200000
42.000000	2115.000000	120.257118	27.200000
43.000000	2165.000000	120.207779	27.200000
44.000000	2215.000000	120.336815	27.200000
45.000000	2265.000000	120.274193	27.200000
46.000000	2315.000000	120.249527	27.200000
47.000000	2365.000000	120.244781	27.200000
48.000000	2415.000000	120.285576	27.200000
49.000000	2465.000000	120.316887	27.200000
50.000000	2515.000000	120.289375	27.200000
51.000000	2565.000000	120.244781	27.200000
52.000000	2615.000000	120.265656	27.200000
53.000000	2665.000000	120.181213	27.200000
54.000000	2715.000000	120.246681	27.200000
55.000000	2765.000000	120.198296	27.200000
56.000000	2815.000000	120.253319	27.200000
57.000000	2865.000000	120.206833	27.200000
58.000000	2915.000000	120.295067	27.200000
59.000000	2965.000000	120.236244	27.200000
60.000000	3015.000000	120.303604	27.200000
61.000000	3065.000000	120.259964	27.200000
62.000000	3115.000000	120.277039	27.200000
63.000000	3165.000000	120.231499	27.200000
64.000000	3215.000000	120.314987	27.200000
65.000000	3265.000000	120.222961	27.200000
66.000000	3315.000000	120.292221	27.200000
67.000000	3365.000000	120.346298	27.200000
68.000000	3415.000000	120.238144	27.200000
69.000000	3465.000000	120.221062	27.200000
70.000000	3515.000000	120.331123	27.200000
71.000000	3565.000000	120.232445	27.200000
72.000000	3615.000000	120.314041	27.200000
73.000000	3665.000000	120.265656	27.200000
74.000000	3715.000000	120.236244	27.200000
75.000000	3765.000000	120.180267	27.200000
76.000000	3815.000000	120.264709	27.200000
77.000000	3865.000000	120.208725	27.200000
78.000000	3915.000000	120.222008	27.200000
79.000000	3965.000000	120.252373	27.200000
80.000000	4015.000000	120.253319	27.200000
81.000000	4065.000000	120.305504	27.200000
82.000000	4115.000000	120.277039	27.200000
83.000000	4165.000000	120.349144	27.200000
84.000000	4215.000000	120.387100	27.200000
85.000000	4265.000000	120.310249	27.200000
86.000000	4315.000000	120.259964	27.200000
87.000000	4365.000000	120.258064	27.200000
88.000000	4415.000000	120.294121	27.200000
89.000000	4465.000000	120.300758	27.200000
90.000000	4515.000000	120.314987	27.200000
91.000000	4565.000000	120.271347	27.200000
92.000000	4615.000000	120.317841	27.200000
93.000000	4665.000000	120.291275	27.200000
94.000000	4715.000000	120.298859	27.200000
95.000000	4765.000000	120.271347	27.200000
96.000000	4815.000000	120.238144	27.200000
97.000000	4865.000000	120.278938	27.200000
98.000000	4915.000000	120.375710	27.200000
99.000000	4965.000000	120.349144	27.200000
100.000000	5015.000000	120.299812	27.200000
101.000000	5065.000000	120.289375	27.200000
102.000000	5115.000000	120.313095	27.200000
103.000000	5165.000000	120.277039	27.200000
104.000000	5215.000000	120.298859	27.200000
105.000000	5265.000000	120.262810	27.200000
106.000000	5315.000000	120.277992	27.200000
107.000000	5365.000000	120.325424	27.200000
108.000000	5416.000000	120.322578	27.200000
109.000000	5465.000000	120.260910	27.200000
110.000000	5515.000000	120.272293	27.200000
111.000000	5565.000000	120.231499	27.200000
112.000000	5615.000000	120.337761	27.200000
113.000000	5665.000000	120.357681	27.200000
114.000000	5715.000000	120.337761	27.200000
115.000000	5765.000000	120.328270	27.200000
116.000000	5815.000000	120.342506	27.200000
117.000000	5865.000000	120.300758	27.200000
118.000000	5915.000000	120.350098	27.200000
119.000000	5965.000000	120.292221	27.200000
120.000000	6015.000000	120.340607	27.200000
121.000000	6065.000000	120.287476	27.200000
122.000000	6115.000000	120.327324	27.200000
123.000000	6165.000000	120.252373	27.200000
124.000000	6215.000000	120.352943	27.200000
125.000000	6265.000000	120.274193	27.200000
126.000000	6315.000000	120.359581	27.200000
127.000000	6365.000000	120.332069	27.200000
128.000000	6415.000000	120.413666	27.200000
129.000000	6465.000000	120.244781	27.200000
130.000000	6515.000000	120.325424	27.200000
131.000000	6565.000000	120.295067	27.200000
132.000000	6615.000000	120.280838	27.200000
133.000000	6665.000000	120.276093	27.200000
134.000000	6715.000000	120.312141	27.200000
135.000000	6765.000000	120.274193	27.200000
136.000000	6815.000000	120.316887	27.200000
137.000000	6865.000000	120.280838	27.200000
138.000000	6915.000000	120.374763	27.200000
139.000000	6965.000000	120.303604	27.200000
140.000000	7015.000000	120.340607	27.200000
141.000000	7065.000000	120.303604	27.200000
142.000000	7115.000000	120.314987	27.200000
143.000000	7165.000000	120.313095	27.200000
144.000000	7215.000000	120.281784	27.200000
145.000000	7265.000000	120.371918	27.200000
146.000000	7315.000000	120.398483	27.200000
147.000000	7365.000000	120.365273	27.200000
148.000000	7415.000000	120.290321	27.200000
149.000000	7465.000000	120.259010	27.200000
150.000000	7515.000000	120.290321	27.200000
151.000000	7565.000000	120.251427	27.200000
152.000000	7615.000000	120.275139	27.200000
153.000000	7665.000000	120.260910	27.200000
154.000000	7715.000000	120.395638	27.200000
155.000000	7765.000000	120.269447	27.200000
156.000000	7815.000000	120.317841	27.200000
157.000000	7865.000000	120.301704	27.200000
158.000000	7915.000000	120.305504	27.200000
159.000000	7965.000000	120.329224	27.200000
160.000000	8015.000000	120.390892	27.200000
161.000000	8065.000000	120.296013	27.200000
162.000000	8115.000000	120.339661	27.200000
163.000000	8165.000000	120.346298	27.200000
164.000000	8215.000000	120.272293	27.200000
165.000000	8265.000000	120.309296	27.200000
166.000000	8315.000000	120.287476	27.200000
167.000000	8365.000000	120.294121	27.200000
168.000000	8415.000000	120.280838	27.200000
169.000000	8465.000000	120.246681	27.200000
170.000000	8515.000000	120.276093	27.200000
171.000000	8565.000000	120.328270	27.200000
172.000000	8615.000000	120.384247	27.200000
173.000000	8665.000000	120.356735	27.200000
174.000000	8715.000000	120.388992	27.200000
175.000000	8765.000000	120.339661	27.200000
176.000000	8815.000000	120.296013	27.200000
177.000000	8865.000000	120.296013	27.200000
178.000000	8915.000000	120.341553	27.200000
179.000000	8965.000000	120.316887	27.200000
180.000000	9015.000000	120.295067	27.200000
181.000000	9065.000000	120.298859	27.200000
182.000000	9115.000000	120.323532	27.200000
183.000000	9165.000000	120.277039	27.200000
184.000000	9215.000000	120.321632	27.200000
185.000000	9265.000000	120.311195	27.200000
186.000000	9315.000000	120.302658	27.200000
187.000000	9365.000000	120.314987	27.200000
188.000000	9415.000000	120.278938	27.200000
189.000000	9465.000000	120.291275	27.200000
190.000000	9515.000000	120.391838	27.200000
191.000000	9565.000000	120.361481	27.200000
192.000000	9615.000000	120.286530	27.200000
193.000000	9665.000000	120.255219	27.200000
194.000000	9715.000000	120.314987	27.200000
195.000000	9765.000000	120.353889	27.200000
196.000000	9815.000000	120.293167	27.200000
197.000000	9865.000000	120.320686	27.200000
198.000000	9915.000000	120.335861	27.200000
199.000000	9965.000000	120.292221	27.200000
200.000000	10015.000000	120.388046	27.200000
201.000000	10065.000000	120.344398	27.200000
202.000000	10116.000000	120.500000	27.200000
203.000000	10165.000000	120.988617	27.200000
204.000000	10215.000000	121.379509	27.200000
205.000000	10265.000000	121.632828	27.200000
206.000000	10315.000000	122.006638	27.200000
207.000000	10365.000000	122.306450	27.200000
208.000000	10415.000000	122.469643	27.200000
209.000000	10465.000000	122.707779	27.200000
210.000000	10516.000000	122.935486	27.200000
211.000000	10565.000000	123.118599	27.200000
212.000000	10616.000000	123.292221	27.200000
213.000000	10665.000000	123.226753	27.200000
214.000000	10715.000000	123.213470	27.200000
215.000000	10765.000000	123.224861	27.200000
216.000000	10815.000000	123.149902	27.200000
217.000000	10865.000000	123.240036	27.200000
218.000000	10915.000000	123.211578	27.200000
219.000000	10965.000000	123.178368	27.200000
220.000000	11015.000000	123.142319	27.200000
221.000000	11065.000000	123.159393	27.200000
222.000000	11115.000000	123.193550	27.200000
223.000000	11165.000000	123.475334	27.200000
224.000000	11215.000000	123.689751	27.200000
225.000000	11265.000000	123.967743	27.200000
226.000000	11315.000000	124.092979	27.200000
227.000000	11365.000000	124.376663	27.200000
228.000000	11415.000000	124.463943	27.200000
229.000000	11465.000000	124.711578	27.200000
230.000000	11515.000000	124.776093	27.200000
231.000000	11565.000000	124.963943	27.200000
232.000000	11615.000000	125.083488	27.200000
233.000000	11665.000000	125.004745	27.200000
234.000000	11715.000000	124.987663	27.200000
235.000000	11765.000000	124.932640	27.200000
236.000000	11815.000000	124.930740	27.200000
237.000000	11865.000000	124.886147	27.200000
238.000000	11915.000000	124.809296	27.200000
239.000000	11965.000000	124.869072	27.200000
240.000000	12015.000000	124.815941	27.200000
241.000000	12065.000000	124.823532	27.200000
242.000000	12115.000000	124.929794	27.200000
243.000000	12165.000000	125.151802	27.200000
244.000000	12215.000000	125.269447	27.200000
245.000000	12265.000000	125.466797	27.200000
246.000000	12315.000000	125.577797	27.200000
247.000000	12365.000000	125.832069	27.200000
248.000000	12415.000000	125.939278	27.200000
249.000000	12465.000000	126.105316	27.200000
250.000000	12515.000000	126.215370	27.200000
251.000000	12565.000000	126.484818	27.200000
252.000000	12615.000000	126.484818	27.200000
253.000000	12665.000000	126.396584	27.200000
254.000000	12715.000000	126.244781	27.200000
255.000000	12765.000000	126.256165	27.200000
256.000000	12815.000000	126.233398	27.200000
257.000000	12865.000000	126.230553	27.200000
258.000000	12916.000000	126.149902	27.200000
259.000000	12965.000000	126.226753	27.200000
260.000000	13015.000000	126.086334	27.200000
261.000000	13065.000000	126.188805	27.200000
262.000000	13115.000000	126.170776	27.200000
263.000000	13165.000000	126.518974	27.200000
264.000000	13215.000000	126.649902	27.200000
265.000000	13265.000000	126.806450	27.200000
266.000000	13315.000000	126.973434	27.200000
267.000000	13365.000000	127.020874	27.200000
268.000000	13415.000000	127.166031	27.200000
269.000000	13465.000000	127.324478	27.200000
270.000000	13515.000000	127.340607	27.200000
271.000000	13565.000000	127.519920	27.200000
272.000000	13615.000000	127.517075	27.200000
273.000000	13665.000000	127.516129	27.200000
274.000000	13715.000000	127.513283	27.200000
275.000000	13765.000000	127.484818	27.200000
276.000000	13815.000000	127.376663	27.200000
277.000000	13865.000000	127.367172	27.200000
278.000000	13915.000000	127.345352	27.200000
279.000000	13965.000000	127.262810	27.200000
280.000000	14015.000000	127.258064	27.200000
281.000000	14065.000000	127.287476	27.200000
282.000000	14115.000000	127.190704	27.200000
283.000000	14165.000000	127.249527	27.200000
284.000000	14215.000000	127.247627	27.200000
285.000000	14265.000000	127.182159	27.200000
286.000000	14315.000000	127.101517	27.200000
287.000000	14365.000000	127.196396	27.200000
288.000000	14415.000000	127.166985	27.200000
289.000000	14465.000000	127.165085	27.200000
290.000000	14515.000000	127.061668	27.200000
291.000000	14565.000000	127.194496	27.200000
292.000000	14615.000000	127.114799	27.200000
293.000000	14665.000000	127.089188	27.200000
294.000000	14715.000000	127.109108	27.200000
295.000000	14765.000000	127.145164	27.200000
296.000000	14815.000000	127.016129	27.200000
297.000000	14865.000000	127.023720	27.200000
298.000000	14915.000000	126.955406	27.200000
299.000000	14965.000000	127.011383	27.200000
300.000000	15015.000000	126.926949	27.200000
301.000000	15065.000000	127.068314	27.200000
302.000000	15115.000000	126.947815	27.200000
303.000000	15165.000000	126.978180	27.200000
304.000000	15215.000000	126.939278	27.200000
305.000000	15265.000000	126.959206	27.200000
306.000000	15315.000000	126.907021	27.200000
307.000000	15365.000000	126.862427	27.200000
308.000000	15415.000000	126.849144	27.200000
309.000000	15465.000000	126.928841	27.200000
310.000000	15515.000000	126.885201	27.200000
311.000000	15565.000000	126.866226	27.200000
312.000000	15615.000000	126.840607	27.200000
313.000000	15665.000000	126.847252	27.200000
314.000000	15715.000000	126.808350	27.200000
315.000000	15765.000000	126.888992	27.200000
316.000000	15815.000000	126.844398	27.200000
317.000000	15865.000000	126.819733	27.200000
318.000000	15915.000000	126.749527	27.200000
319.000000	15965.000000	126.839661	27.200000
320.000000	16015.000000	126.798859	27.200000
321.000000	16065.000000	126.836815	27.200000
322.000000	16115.000000	126.836815	27.200000
323.000000	16165.000000	126.779884	27.200000
324.000000	16215.000000	126.760910	27.200000
325.000000	16265.000000	126.840607	27.200000
326.000000	16315.000000	126.759964	27.200000
327.000000	16365.000000	126.743835	27.200000
328.000000	16415.000000	126.720116	27.200000
329.000000	16465.000000	126.685959	27.200000
330.000000	16515.000000	126.665085	27.200000
331.000000	16565.000000	126.782730	27.200000
332.000000	16615.000000	126.688805	27.200000
333.000000	16665.000000	126.681213	27.200000
334.000000	16715.000000	126.690704	27.200000
335.000000	16765.000000	126.723907	27.200000
336.000000	16815.000000	126.704933	27.200000
337.000000	16865.000000	126.707779	27.200000
338.000000	16915.000000	126.683113	27.200000
339.000000	16965.000000	126.748573	27.200000
340.000000	17015.000000	126.624290	27.200000
341.000000	17065.000000	126.676468	27.200000
342.000000	17115.000000	126.672676	27.200000
343.000000	17165.000000	126.622391	27.200000
344.000000	17215.000000	126.570206	27.200000
345.000000	17265.000000	126.666985	27.200000
346.000000	17315.000000	126.652748	27.200000
347.000000	17365.000000	126.604362	27.200000
348.000000	17415.000000	126.616699	27.200000
349.000000	17465.000000	126.649902	27.200000
350.000000	17515.000000	126.636620	27.200000
351.000000	17565.000000	126.675522	27.200000
352.000000	17615.000000	126.596771	27.200000
353.000000	17665.000000	126.591080	27.200000
354.000000	17715.000000	126.509491	27.200000
355.000000	17765.000000	126.544594	27.200000
356.000000	17815.000000	126.559769	27.200000
357.000000	17865.000000	126.589188	27.200000
358.000000	17915.000000	126.529411	27.200000
359.000000	17965.000000	126.584442	27.200000
360.000000	18015.000000	126.503792	27.200000
361.000000	18065.000000	126.582542	27.200000
362.000000	18115.000000	126.468689	27.200000
363.000000	18165.000000	126.535103	27.200000
364.000000	18215.000000	126.505692	27.200000
365.000000	18265.000000	126.539848	27.200000
366.000000	18315.000000	126.520874	27.200000
367.000000	18365.000000	126.578751	27.200000
368.000000	18415.000000	126.445923	27.200000
369.000000	18465.000000	126.593925	27.200000
370.000000	18515.000000	126.462997	27.200000
371.000000	18565.000000	126.444023	27.200000
372.000000	18615.000000	126.465843	27.200000
373.000000	18665.000000	126.459206	27.200000
374.000000	18715.000000	126.497154	27.200000
375.000000	18765.000000	126.501900	27.200000
376.000000	18815.000000	126.518974	27.200000
377.000000	18865.000000	126.450661	27.200000
378.000000	18915.000000	126.496208	27.200000
379.000000	18965.000000	126.407967	27.200000
380.000000	19015.000000	126.435486	27.200000
381.000000	19065.000000	126.505692	27.200000
382.000000	19115.000000	126.451614	27.200000
383.000000	19165.000000	126.437378	27.200000
384.000000	19215.000000	126.440231	27.200000
385.000000	19265.000000	126.389946	27.200000
386.000000	19315.000000	126.371918	27.200000
387.000000	19365.000000	126.357681	27.200000
388.000000	19415.000000	126.367172	27.200000
389.000000	19465.000000	126.322578	27.200000
390.000000	19515.000000	126.350098	27.200000
391.000000	19565.000000	126.432640	27.200000
392.000000	19615.000000	126.353889	27.200000
393.000000	19665.000000	126.422203	27.200000
394.000000	19715.000000	126.323532	27.200000
395.000000	19765.000000	126.343452	27.200000
396.000000	19815.000000	126.364326	27.200000
397.000000	19865.000000	126.403229	27.200000
398.000000	19915.000000	126.393738	27.200000
399.000000	19965.000000	126.383301	27.200000
400.000000	20015.000000	126.402275	27.200000
401.000000	20065.000000	126.254272	27.200000
402.000000	20115.000000	126.342506	27.200000
403.000000	20165.000000	126.280838	27.200000
404.000000	20215.000000	126.300758	27.200000
405.000000	20265.000000	126.333015	27.200000
406.000000	20315.000000	126.298859	27.200000
407.000000	20365.000000	126.289375	27.200000
408.000000	20415.000000	126.300758	27.200000
409.000000	20465.000000	126.326378	27.200000
410.000000	20515.000000	126.359581	27.200000
411.000000	20565.000000	126.314987	27.200000
412.000000	20615.000000	126.342506	27.200000
413.000000	20665.000000	126.382355	27.200000
414.000000	20715.000000	126.341553	27.200000
415.000000	20765.000000	126.306450	27.200000
416.000000	20815.000000	126.287476	27.200000
417.000000	20865.000000	126.268501	27.200000
418.000000	20915.000000	126.233398	27.200000
419.000000	20965.000000	126.192596	27.200000
420.000000	21015.000000	126.250473	27.200000
421.000000	21065.000000	126.289375	27.200000
422.000000	21115.000000	126.279884	27.200000
423.000000	21165.000000	126.245728	27.200000
424.000000	21215.000000	126.259010	27.200000
425.000000	21265.000000	126.232445	27.200000
426.000000	21315.000000	126.254272	27.200000
427.000000	21365.000000	126.302658	27.200000
428.000000	21415.000000	126.300758	27.200000
429.000000	21465.000000	126.184059	27.200000
430.000000	21515.000000	126.203033	27.200000
431.000000	21565.000000	126.221062	27.200000
432.000000	21615.000000	126.215370	27.200000
433.000000	21665.000000	126.259010	27.200000
434.000000	21715.000000	126.166985	27.200000
435.000000	21765.000000	126.209679	27.200000
436.000000	21815.000000	126.166031	27.200000
437.000000	21865.000000	126.239090	27.200000
438.000000	21915.000000	126.227707	27.200000
439.000000	21965.000000	126.243835	27.200000
440.000000	22015.000000	126.288422	27.200000
441.000000	22066.000000	126.171730	27.200000
442.000000	22115.000000	126.242882	27.200000
443.000000	22165.000000	126.153702	27.200000
444.000000	22215.000000	126.136620	27.200000
445.000000	22265.000000	126.164139	27.200000
446.000000	22315.000000	126.185013	27.200000
447.000000	22365.000000	126.102470	27.200000
448.000000	22415.000000	126.215370	27.200000
449.000000	22465.000000	126.148010	27.200000
450.000000	22515.000000	126.222008	27.200000
451.000000	22566.000000	126.188805	27.200000
452.000000	22615.000000	126.203033	27.200000
453.000000	22665.000000	126.117645	27.200000
454.000000	22715.000000	126.230553	27.200000
455.000000	22765.000000	126.143265	27.200000
456.000000	22815.000000	126.257118	27.200000
457.000000	22865.000000	126.142319	27.200000
458.000000	22915.000000	126.142319	27.200000
459.000000	22965.000000	126.137573	27.200000
460.000000	23015.000000	126.121445	27.200000
461.000000	23065.000000	126.181213	27.200000
462.000000	23115.000000	126.185013	27.200000
463.000000	23165.000000	126.138519	27.200000
464.000000	23215.000000	126.163185	27.200000
465.000000	23265.000000	126.141365	27.200000
466.000000	23315.000000	126.147057	27.200000
467.000000	23365.000000	126.070206	27.200000
468.000000	23415.000000	126.154648	27.200000
469.000000	23465.000000	126.144211	27.200000
470.000000	23515.000000	126.181213	27.200000
471.000000	23565.000000	126.148956	27.200000
472.000000	23615.000000	126.196396	27.200000
473.000000	23665.000000	126.078751	27.200000
474.000000	23715.000000	126.148956	27.200000
475.000000	23765.000000	126.101517	27.200000
476.000000	23815.000000	126.125237	27.200000
477.000000	23865.000000	126.041748	27.200000
478.000000	23915.000000	126.172676	27.200000
479.000000	23965.000000	126.089188	27.200000
480.000000	24015.000000	126.126183	27.200000
481.000000	24065.000000	126.102470	27.200000
