9.663265306122449383e-01 0.000000000000000000e+00 1.020408163265306214e-03 3.061224489795918210e-03 2.040816326530612429e-03 1.020408163265306041e-02 6.122448979591836420e-03 4.081632653061224858e-03 7.142857142857142634e-03 0.000000000000000000e+00
0.000000000000000000e+00 9.762114537444933626e-01 3.524229074889867995e-03 1.762114537444933998e-03 0.000000000000000000e+00 2.643171806167400779e-03 2.643171806167400779e-03 0.000000000000000000e+00 1.321585903083700476e-02 0.000000000000000000e+00
8.720930232558139414e-03 6.782945736434108433e-03 8.914728682170542928e-01 1.550387596899224785e-02 1.065891472868217039e-02 1.937984496124030981e-03 1.065891472868217039e-02 1.259689922480620138e-02 3.682170542635659211e-02 4.844961240310077452e-03
3.960396039603960444e-03 9.900990099009901110e-04 1.980198019801980222e-02 9.019801980198020042e-01 9.900990099009901110e-04 2.772277227722772311e-02 1.980198019801980222e-03 1.188118811881188133e-02 2.574257425742574115e-02 4.950495049504950555e-03
1.018329938900203570e-03 2.036659877800407140e-03 5.091649694501018501e-03 1.018329938900203570e-03 9.215885947046843496e-01 3.054989816700610927e-03 1.018329938900203700e-02 6.109979633401221855e-03 7.128309572301426075e-03 4.276985743380855298e-02
1.121076233183856442e-02 5.605381165919282212e-03 3.363228699551569674e-03 5.044843049327354251e-02 1.345291479820627870e-02 8.553811659192824823e-01 1.569506726457399123e-02 7.847533632286995617e-03 3.026905829596412620e-02 6.726457399103139348e-03
1.252609603340292324e-02 4.175365344467640502e-03 1.148225469728601268e-02 1.043841336116910126e-03 8.350730688935281004e-03 1.565762004175365318e-02 9.415448851774530503e-01 1.043841336116910126e-03 4.175365344467640502e-03 0.000000000000000000e+00
9.727626459143969007e-04 6.809338521400778305e-03 2.237354085603112872e-02 8.754863813229572106e-03 3.891050583657587603e-03 2.918287937743190702e-03 9.727626459143969007e-04 9.114785992217898647e-01 2.918287937743190702e-03 3.891050583657587603e-02
8.213552361396304208e-03 1.437371663244353150e-02 9.240246406570841800e-03 3.182751540041067750e-02 1.129363449691991872e-02 2.874743326488706299e-02 8.213552361396304208e-03 1.437371663244353150e-02 8.634496919917864499e-01 1.026694045174537939e-02
6.937561942517343760e-03 5.946481665014866080e-03 0.000000000000000000e+00 1.387512388503468752e-02 4.063429137760158488e-02 8.919722497522299121e-03 9.910802775024776801e-04 3.666997026759167416e-02 1.090188305252725448e-02 8.751238850346878539e-01
