2.311269998550415039e+00
1.275983333587646484e+00
8.836823105812072754e-01
7.067580819129943848e-01
6.095600128173828125e-01
5.486364364624023438e-01
5.070881247520446777e-01
4.767516255378723145e-01
4.536820054054260254e-01
4.354986548423767090e-01
4.208091497421264648e-01
4.086615145206451416e-01
3.984061777591705322e-01
3.897472620010375977e-01
3.822048902511596680e-01
3.756304979324340820e-01
3.698046803474426270e-01
3.647468090057373047e-01
3.601673245429992676e-01
3.560049235820770264e-01
3.522881269454956055e-01
3.488803803920745850e-01
3.457852602005004883e-01
3.430499434471130371e-01
3.404969871044158936e-01
3.380575180053710938e-01
3.358670473098754883e-01
3.338136672973632812e-01
3.318937420845031738e-01
3.301526010036468506e-01
3.285402953624725342e-01
3.269099295139312744e-01
3.255190849304199219e-01
3.241733908653259277e-01
3.229256272315979004e-01
3.216932713985443115e-01
3.206541538238525391e-01
3.195318281650543213e-01
3.185045719146728516e-01
3.175283670425415039e-01
3.166476190090179443e-01
3.157894015312194824e-01
3.149885535240173340e-01
3.141916990280151367e-01
3.134547472000122070e-01
3.127517700195312500e-01
3.120323419570922852e-01
3.115090131759643555e-01
3.108960390090942383e-01
3.102943003177642822e-01
3.097651004791259766e-01
3.092069625854492188e-01
3.087498247623443604e-01
3.082122206687927246e-01
3.077433407306671143e-01
3.072566092014312744e-01
3.068600296974182129e-01
3.065591454505920410e-01
3.060584068298339844e-01
3.056526482105255127e-01
3.053371012210845947e-01
3.050265610218048096e-01
3.045150339603424072e-01
3.042774498462677002e-01
3.039648830890655518e-01
3.036714494228363037e-01
3.033809959888458252e-01
3.030207157135009766e-01
3.027494847774505615e-01
3.026314377784729004e-01
3.022147417068481445e-01
3.019528687000274658e-01
3.016809821128845215e-01
3.014964163303375244e-01
3.013145625591278076e-01
3.011382818222045898e-01
3.010124564170837402e-01
3.006646633148193359e-01
3.004314601421356201e-01
3.002939522266387939e-01
3.000741899013519287e-01
2.998657226562500000e-01
2.997432053089141846e-01
2.995902895927429199e-01
2.994468510150909424e-01
2.992808222770690918e-01
2.990719377994537354e-01
2.989707589149475098e-01
2.986962497234344482e-01
2.986517846584320068e-01
2.985007464885711670e-01
2.984283864498138428e-01
2.982636392116546631e-01
2.980933785438537598e-01
2.979428172111511230e-01
2.978688776493072510e-01
2.977619767189025879e-01
2.976410984992980957e-01
2.975078523159027100e-01
2.974496781826019287e-01
2.973774671554565430e-01
2.971990108489990234e-01
2.971698045730590820e-01
2.969991564750671387e-01
2.969479262828826904e-01
2.967826128005981445e-01
2.967480421066284180e-01
2.966305315494537354e-01
2.964838445186614990e-01
2.965106070041656494e-01
2.963691651821136475e-01
2.962882518768310547e-01
2.962165772914886475e-01
2.962259352207183838e-01
2.960432171821594238e-01
2.959271669387817383e-01
2.958989441394805908e-01
2.958493232727050781e-01
2.958368360996246338e-01
2.956914305686950684e-01
2.956607639789581299e-01
2.954704463481903076e-01
2.955346703529357910e-01
2.954315245151519775e-01
2.954191267490386963e-01
2.953558564186096191e-01
2.953117489814758301e-01
2.951401472091674805e-01
2.951550781726837158e-01
2.950223684310913086e-01
2.949869036674499512e-01
2.950241565704345703e-01
2.948084175586700439e-01
2.948857545852661133e-01
2.948001623153686523e-01
2.946759462356567383e-01
2.945988476276397705e-01
2.946190237998962402e-01
2.946481108665466309e-01
2.944714426994323730e-01
2.945394814014434814e-01
2.944373190402984619e-01
2.944337427616119385e-01
2.943858206272125244e-01
2.943710386753082275e-01
2.942862510681152344e-01
2.942401468753814697e-01
2.942651510238647461e-01
2.941893637180328369e-01
2.941496372222900391e-01
2.941001653671264648e-01
2.939693331718444824e-01
2.939912676811218262e-01
2.940755486488342285e-01
2.939705550670623779e-01
2.939492166042327881e-01
2.939629852771759033e-01
2.937900125980377197e-01
2.937985062599182129e-01
2.937370538711547852e-01
2.937184274196624756e-01
2.936658263206481934e-01
2.937329709529876709e-01
2.935756742954254150e-01
2.935393750667572021e-01
2.936017513275146484e-01
2.935695946216583252e-01
2.936033606529235840e-01
2.936181128025054932e-01
2.935270071029663086e-01
2.933935821056365967e-01
2.934544086456298828e-01
2.934456169605255127e-01
2.933169007301330566e-01
2.933059930801391602e-01
2.933563888072967529e-01
2.932636737823486328e-01
2.934002876281738281e-01
2.931852638721466064e-01
2.932047843933105469e-01
2.932343780994415283e-01
2.931461334228515625e-01
2.930834293365478516e-01
2.931944727897644043e-01
2.930424511432647705e-01
2.930743992328643799e-01
2.929898202419281006e-01
2.929779291152954102e-01
2.930145263671875000e-01
2.929766178131103516e-01
2.929045259952545166e-01
2.929181754589080811e-01
2.930122017860412598e-01
2.929751873016357422e-01
2.929074168205261230e-01
2.928206026554107666e-01
2.929179668426513672e-01
2.927354276180267334e-01
2.928186655044555664e-01
2.927697598934173584e-01
2.927196323871612549e-01
2.927085161209106445e-01
2.927176952362060547e-01
2.927004992961883545e-01
2.927118837833404541e-01
2.927445173263549805e-01
2.926536500453948975e-01
2.926631867885589600e-01
2.926332950592041016e-01
2.927680909633636475e-01
2.926325500011444092e-01
2.926300466060638428e-01
2.925240099430084229e-01
2.926435172557830811e-01
2.925321161746978760e-01
2.924953401088714600e-01
2.926557064056396484e-01
2.926072180271148682e-01
2.925439774990081787e-01
2.924508452415466309e-01
2.925199866294860840e-01
2.925391495227813721e-01
2.923943996429443359e-01
2.924766242504119873e-01
2.923683226108551025e-01
2.923727333545684814e-01
2.923921346664428711e-01
2.924117147922515869e-01
2.924355566501617432e-01
2.922894656658172607e-01
2.922974824905395508e-01
2.923696339130401611e-01
2.922972440719604492e-01
2.921602725982666016e-01
2.923318445682525635e-01
2.921896278858184814e-01
2.922923862934112549e-01
2.922825515270233154e-01
2.922369241714477539e-01
2.921983003616333008e-01
2.922427654266357422e-01
2.923595011234283447e-01
2.922180294990539551e-01
2.922881245613098145e-01
2.923348248004913330e-01
2.921428382396697998e-01
2.921023368835449219e-01
2.920771539211273193e-01
2.921990752220153809e-01
2.921279966831207275e-01
2.921466827392578125e-01
2.921832799911499023e-01
2.921982705593109131e-01
2.921495139598846436e-01
2.920886576175689697e-01
2.921654284000396729e-01
2.921314537525177002e-01
2.920774221420288086e-01
2.921045720577239990e-01
2.920148074626922607e-01
2.921615242958068848e-01
2.920287549495697021e-01
2.920993566513061523e-01
2.921319901943206787e-01
2.921110689640045166e-01
2.920716106891632080e-01
2.920437455177307129e-01
2.921107113361358643e-01
2.920878529548645020e-01
2.919485270977020264e-01
2.919541597366333008e-01
2.920728325843811035e-01
2.919646799564361572e-01
2.919468879699707031e-01
2.919556200504302979e-01
2.919331789016723633e-01
2.919045686721801758e-01
2.919741570949554443e-01
2.919154763221740723e-01
2.918387055397033691e-01
2.918307483196258545e-01
2.918472588062286377e-01
2.918634414672851562e-01
2.918218672275543213e-01
2.917962968349456787e-01
2.918806672096252441e-01
2.918363511562347412e-01
2.919175028800964355e-01
2.918663024902343750e-01
2.919107973575592041e-01
2.918241918087005615e-01
2.918854951858520508e-01
2.918476462364196777e-01
2.919335365295410156e-01
2.918505966663360596e-01
2.918337881565093994e-01
2.918316423892974854e-01
2.918704450130462646e-01
2.919012308120727539e-01
2.917761504650115967e-01
2.918234169483184814e-01
2.917262017726898193e-01
2.918018102645874023e-01
2.918025851249694824e-01
2.917100489139556885e-01
2.918071150779724121e-01
2.917166054248809814e-01
2.917040884494781494e-01
2.919109165668487549e-01
2.916934788227081299e-01
2.917692661285400391e-01
2.917946577072143555e-01
2.916980385780334473e-01
2.916944026947021484e-01
2.916644811630249023e-01
2.916224002838134766e-01
2.917481958866119385e-01
2.916574776172637939e-01
2.916857600212097168e-01
2.917004525661468506e-01
2.916790246963500977e-01
2.916467487812042236e-01
2.915963530540466309e-01
2.916971445083618164e-01
2.916695177555084229e-01
2.916948497295379639e-01
2.916723191738128662e-01
2.917129099369049072e-01
2.915424108505249023e-01
2.916638851165771484e-01
2.916525006294250488e-01
2.916116714477539062e-01
2.916276454925537109e-01
2.915689349174499512e-01
2.915809452533721924e-01
2.915603816509246826e-01
2.916034460067749023e-01
2.915066182613372803e-01
2.915411591529846191e-01
2.915800511837005615e-01
2.915337979793548584e-01
2.914991080760955811e-01
2.915942966938018799e-01
2.915743291378021240e-01
2.916371524333953857e-01
2.915869653224945068e-01
2.916022837162017822e-01
2.915895581245422363e-01
2.916412055492401123e-01
2.915662527084350586e-01
2.915686070919036865e-01
2.915123105049133301e-01
2.915320396423339844e-01
2.916025817394256592e-01
2.916932106018066406e-01
2.914614677429199219e-01
2.916226685047149658e-01
2.914959192276000977e-01
2.915186882019042969e-01
2.914900183677673340e-01
2.915394604206085205e-01
2.915077805519104004e-01
2.914250791072845459e-01
2.915161848068237305e-01
2.915098965167999268e-01
2.914543747901916504e-01
2.915329933166503906e-01
2.915266156196594238e-01
2.914991080760955811e-01
2.915485203266143799e-01
2.915571928024291992e-01
2.914597690105438232e-01
2.914127707481384277e-01
2.915239334106445312e-01
2.914668321609497070e-01
2.913864254951477051e-01
2.914303839206695557e-01
2.915419340133666992e-01
2.915617525577545166e-01
2.913984060287475586e-01
2.914509177207946777e-01
2.913889884948730469e-01
2.915068864822387695e-01
2.915035486221313477e-01
2.914662659168243408e-01
2.914429306983947754e-01
2.914384007453918457e-01
2.915182113647460938e-01
2.914724349975585938e-01
2.914714515209197998e-01
2.914701700210571289e-01
2.914787828922271729e-01
2.914757728576660156e-01
2.914357185363769531e-01
2.914091348648071289e-01
2.914528250694274902e-01
2.914408445358276367e-01
2.914701700210571289e-01
2.914636731147766113e-01
2.914410233497619629e-01
2.914000451564788818e-01
2.914403676986694336e-01
2.914377152919769287e-01
2.914955317974090576e-01
2.913505136966705322e-01
2.914094626903533936e-01
2.913829684257507324e-01
2.914020717144012451e-01
2.913874387741088867e-01
2.913797795772552490e-01
2.913973331451416016e-01
2.914060652256011963e-01
2.914204895496368408e-01
2.913653850555419922e-01
2.914296984672546387e-01
2.914526164531707764e-01
2.913247942924499512e-01
2.913784682750701904e-01
2.913508117198944092e-01
2.914693355560302734e-01
2.914018929004669189e-01
2.913600802421569824e-01
2.913831770420074463e-01
2.912994921207427979e-01
2.912996411323547363e-01
2.912633717060089111e-01
2.914394736289978027e-01
2.913843095302581787e-01
2.913415133953094482e-01
2.912754416465759277e-01
2.912453413009643555e-01
2.912878990173339844e-01
2.913914918899536133e-01
2.912804484367370605e-01
2.913790047168731689e-01
2.913324236869812012e-01
2.912343740463256836e-01
2.913581132888793945e-01
2.913233637809753418e-01
2.912295758724212646e-01
2.913945019245147705e-01
2.913286685943603516e-01
2.912349104881286621e-01
2.912105917930603027e-01
2.913861572742462158e-01
2.912821471691131592e-01
2.914927303791046143e-01
2.913449108600616455e-01
2.913219034671783447e-01
2.913293838500976562e-01
2.913101613521575928e-01
2.912910282611846924e-01
2.913067936897277832e-01
2.912665605545043945e-01
2.913216352462768555e-01
2.913514375686645508e-01
2.912884056568145752e-01
2.913755774497985840e-01
2.913602292537689209e-01
2.913168966770172119e-01
2.913490831851959229e-01
2.912662327289581299e-01
2.912471294403076172e-01
2.911757528781890869e-01
2.913136482238769531e-01
2.912195622920989990e-01
2.912060022354125977e-01
2.912028729915618896e-01
2.911823689937591553e-01
2.912488579750061035e-01
2.912212908267974854e-01
2.911719679832458496e-01
2.913506329059600830e-01
2.912950515747070312e-01
2.913575172424316406e-01
2.912254929542541504e-01
2.911870479583740234e-01
2.912384569644927979e-01
2.911949157714843750e-01
2.912052869796752930e-01
2.913070917129516602e-01
2.913285791873931885e-01
2.912639379501342773e-01
2.912297248840332031e-01
2.913848757743835449e-01
2.912451028823852539e-01
2.913378179073333740e-01
2.912782132625579834e-01
2.912369072437286377e-01
2.912597656250000000e-01
2.911669015884399414e-01
2.912247478961944580e-01
2.912670671939849854e-01
2.912659943103790283e-01
2.913300991058349609e-01
2.912368178367614746e-01
2.912376523017883301e-01
2.911869585514068604e-01
2.912998795509338379e-01
2.912383079528808594e-01
2.911701202392578125e-01
2.912694513797760010e-01
2.911194562911987305e-01
2.912729382514953613e-01
2.912146151065826416e-01
2.912029623985290527e-01
2.912285625934600830e-01
2.911774218082427979e-01
2.911808192729949951e-01
2.912785410881042480e-01
2.912134230136871338e-01
2.911962270736694336e-01
2.911552488803863525e-01
2.911726832389831543e-01
2.912237346172332764e-01
2.912159562110900879e-01
2.912995517253875732e-01
2.912083566188812256e-01
2.911651730537414551e-01
2.911387085914611816e-01
2.912998497486114502e-01
2.911915481090545654e-01
2.911857962608337402e-01
2.912892997264862061e-01
2.911332547664642334e-01
2.911762893199920654e-01
2.912078201770782471e-01
2.911142110824584961e-01
2.913058400154113770e-01
2.912178039550781250e-01
2.911497950553894043e-01
2.911882996559143066e-01
2.911838293075561523e-01
2.911368608474731445e-01
2.912308573722839355e-01
2.912626862525939941e-01
2.912513315677642822e-01
2.911974489688873291e-01
2.911494970321655273e-01
2.911505997180938721e-01
2.911292314529418945e-01
2.912304699420928955e-01
2.911202609539031982e-01
2.912156581878662109e-01
2.911797463893890381e-01
2.911658883094787598e-01
2.912155091762542725e-01
2.911337614059448242e-01
2.910707890987396240e-01
2.911643087863922119e-01
2.911617457866668701e-01
2.912127375602722168e-01
2.911980748176574707e-01
2.911415994167327881e-01
2.912001311779022217e-01
2.911323606967926025e-01
2.911998927593231201e-01
2.911145091056823730e-01
2.911115884780883789e-01
2.911626100540161133e-01
2.911764085292816162e-01
2.912491559982299805e-01
2.912357151508331299e-01
2.911501824855804443e-01
2.911698222160339355e-01
2.912097275257110596e-01
2.910580337047576904e-01
2.911573648452758789e-01
2.911440134048461914e-01
2.911410033702850342e-01
2.911148369312286377e-01
2.911649048328399658e-01
2.911063432693481445e-01
2.912153601646423340e-01
2.911684811115264893e-01
2.912760376930236816e-01
2.912040948867797852e-01
2.911861538887023926e-01
2.911593317985534668e-01
2.912209928035736084e-01
2.912717461585998535e-01
2.911433875560760498e-01
2.912263274192810059e-01
2.911663353443145752e-01
2.910970449447631836e-01
2.911172807216644287e-01
2.911171019077301025e-01
2.910921871662139893e-01
2.910668551921844482e-01
2.910516262054443359e-01
2.911247313022613525e-01
2.911297380924224854e-01
2.911124527454376221e-01
2.911227643489837646e-01
2.911905646324157715e-01
2.911070883274078369e-01
2.910991013050079346e-01
2.911647558212280273e-01
2.911294400691986084e-01
2.912834286689758301e-01
2.911271154880523682e-01
2.910989522933959961e-01
2.910484969615936279e-01
2.910578250885009766e-01
2.911463677883148193e-01
2.912263274192810059e-01
2.911500632762908936e-01
2.912223935127258301e-01
2.910681664943695068e-01
2.910827398300170898e-01
2.910657823085784912e-01
2.910779714584350586e-01
2.911887168884277344e-01
2.911380827426910400e-01
2.910915911197662354e-01
2.911949753761291504e-01
2.910574078559875488e-01
2.911719679832458496e-01
2.911115884780883789e-01
2.911278307437896729e-01
2.911508977413177490e-01
2.911419570446014404e-01
2.911551296710968018e-01
2.911542057991027832e-01
2.911057174205780029e-01
2.911120355129241943e-01
2.911399006843566895e-01
2.912653386592864990e-01
2.911010086536407471e-01
2.910293340682983398e-01
2.911947369575500488e-01
2.911626100540161133e-01
2.909799218177795410e-01
2.911154925823211670e-01
2.910800576210021973e-01
2.910609841346740723e-01
2.911942601203918457e-01
2.911152243614196777e-01
2.911860942840576172e-01
2.910234332084655762e-01
2.911012768745422363e-01
2.910211086273193359e-01
2.910541296005249023e-01
2.911238074302673340e-01
2.909997701644897461e-01
2.911699414253234863e-01
2.911058366298675537e-01
2.910758256912231445e-01
2.912541329860687256e-01
2.911452353000640869e-01
2.910432517528533936e-01
2.910394966602325439e-01
2.910220026969909668e-01
2.910685837268829346e-01
2.910777032375335693e-01
2.911231815814971924e-01
2.910716235637664795e-01
2.911559045314788818e-01
2.910602986812591553e-01
2.910709083080291748e-01
2.909577786922454834e-01
2.911200225353240967e-01
2.910940945148468018e-01
2.911125421524047852e-01
2.910354435443878174e-01
2.910366654396057129e-01
2.910947799682617188e-01
2.910443544387817383e-01
2.911552488803863525e-01
2.910671234130859375e-01
2.910882830619812012e-01
2.910638749599456787e-01
2.911089658737182617e-01
2.911721467971801758e-01
2.910188436508178711e-01
2.910862863063812256e-01
2.911399006843566895e-01
2.909698486328125000e-01
2.910366952419281006e-01
2.910686433315277100e-01
2.910259962081909180e-01
2.910395562648773193e-01
2.909503877162933350e-01
2.910773158073425293e-01
2.910278141498565674e-01
2.911423742771148682e-01
2.911103069782257080e-01
2.910622954368591309e-01
2.910731732845306396e-01
2.910776734352111816e-01
2.910073101520538330e-01
2.910479605197906494e-01
2.910923361778259277e-01
2.910416424274444580e-01
2.910046279430389404e-01
2.910369932651519775e-01
2.911141812801361084e-01
2.910975813865661621e-01
2.910836935043334961e-01
2.910440862178802490e-01
2.910463511943817139e-01
2.910510599613189697e-01
2.909994423389434814e-01
2.910780012607574463e-01
2.910324037075042725e-01
2.910798192024230957e-01
2.911676466464996338e-01
2.910382151603698730e-01
2.911677062511444092e-01
2.910759449005126953e-01
2.910967171192169189e-01
2.909924685955047607e-01
2.910546958446502686e-01
2.909962236881256104e-01
2.910030484199523926e-01
2.909880280494689941e-01
2.911480069160461426e-01
2.909840643405914307e-01
2.911372780799865723e-01
2.909975945949554443e-01
2.911003828048706055e-01
2.910201549530029297e-01
2.909931838512420654e-01
2.910532355308532715e-01
2.910511493682861328e-01
2.910314500331878662e-01
2.911064028739929199e-01
2.911708652973175049e-01
2.910625040531158447e-01
2.911113202571868896e-01
2.910071909427642822e-01
2.910951077938079834e-01
2.910140752792358398e-01
2.910436987876892090e-01
2.910593748092651367e-01
2.910856902599334717e-01
2.910519540309906006e-01
2.911694943904876709e-01
2.909470796585083008e-01
2.910515367984771729e-01
2.910988330841064453e-01
2.909711599349975586e-01
2.911003530025482178e-01
2.911085188388824463e-01
2.909630537033081055e-01
2.910723388195037842e-01
2.911014854907989502e-01
2.909675538539886475e-01
2.910014688968658447e-01
2.910215854644775391e-01
2.909448444843292236e-01
2.909546494483947754e-01
2.910035550594329834e-01
2.910712361335754395e-01
2.909621596336364746e-01
2.909993231296539307e-01
2.910808324813842773e-01
2.910585105419158936e-01
2.910785079002380371e-01
2.910444140434265137e-01
2.909920811653137207e-01
2.910287380218505859e-01
2.909639179706573486e-01
2.910846173763275146e-01
2.910905480384826660e-01
2.911112904548645020e-01
2.909373939037322998e-01
2.912112176418304443e-01
2.909807860851287842e-01
2.910282015800476074e-01
2.909763455390930176e-01
2.910077869892120361e-01
2.910374402999877930e-01
2.910836338996887207e-01
2.910370826721191406e-01
2.909755408763885498e-01
2.911465466022491455e-01
2.910003364086151123e-01
2.909945547580718994e-01
2.909626662731170654e-01
2.910757362842559814e-01
2.910230755805969238e-01
2.909874618053436279e-01
2.911436557769775391e-01
2.911113798618316650e-01
2.909875512123107910e-01
2.910700440406799316e-01
2.909735441207885742e-01
2.909938097000122070e-01
2.910715043544769287e-01
2.910053133964538574e-01
2.911391854286193848e-01
2.910900712013244629e-01
2.911269664764404297e-01
2.910009324550628662e-01
2.910279035568237305e-01
2.910393178462982178e-01
2.909885048866271973e-01
2.910195589065551758e-01
2.910379767417907715e-01
