2.522833347320556641e-01
6.072833538055419922e-01
7.444000244140625000e-01
8.011000156402587891e-01
8.312833309173583984e-01
8.481833338737487793e-01
8.594999909400939941e-01
8.672333359718322754e-01
8.723000288009643555e-01
8.762166500091552734e-01
8.800166845321655273e-01
8.826000094413757324e-01
8.856499791145324707e-01
8.877833485603332520e-01
8.895000219345092773e-01
8.908500075340270996e-01
8.924499750137329102e-01
8.936666846275329590e-01
8.946333527565002441e-01
8.955000042915344238e-01
8.964499831199645996e-01
8.976833224296569824e-01
8.987500071525573730e-01
8.994166851043701172e-01
9.003499746322631836e-01
9.011666774749755859e-01
9.016666412353515625e-01
9.021999835968017578e-01
9.025499820709228516e-01
9.032833576202392578e-01
9.037666916847229004e-01
9.043833613395690918e-01
9.046666622161865234e-01
9.047333598136901855e-01
9.054499864578247070e-01
9.060333371162414551e-01
9.056833386421203613e-01
9.065666794776916504e-01
9.066333174705505371e-01
9.067500233650207520e-01
9.070500135421752930e-01
9.076499938964843750e-01
9.074333310127258301e-01
9.082000255584716797e-01
9.082166552543640137e-01
9.081166386604309082e-01
9.082999825477600098e-01
9.086833596229553223e-01
9.087666869163513184e-01
9.090333580970764160e-01
9.087166786193847656e-01
9.091500043869018555e-01
9.093999862670898438e-01
9.093666672706604004e-01
9.099166393280029297e-01
9.099166393280029297e-01
9.100000262260437012e-01
9.099666476249694824e-01
9.101499915122985840e-01
9.102500081062316895e-01
9.102500081062316895e-01
9.106000065803527832e-01
9.107166528701782227e-01
9.108499884605407715e-01
9.108333587646484375e-01
9.109500050544738770e-01
9.108666777610778809e-01
9.113000035285949707e-01
9.111833572387695312e-01
9.112833142280578613e-01
9.110999703407287598e-01
9.114666581153869629e-01
9.116166830062866211e-01
9.112666845321655273e-01
9.116833209991455078e-01
9.118499755859375000e-01
9.114500284194946289e-01
9.119333624839782715e-01
9.118166565895080566e-01
9.118000268936157227e-01
9.118000268936157227e-01
9.119499921798706055e-01
9.121166467666625977e-01
9.121166467666625977e-01
9.121999740600585938e-01
9.121666550636291504e-01
9.122999906539916992e-01
9.123333096504211426e-01
9.123666882514953613e-01
9.122499823570251465e-01
9.122666716575622559e-01
9.126333594322204590e-01
9.126333594322204590e-01
9.125666618347167969e-01
9.122999906539916992e-01
9.124833345413208008e-01
9.125999808311462402e-01
9.125833511352539062e-01
9.125166535377502441e-01
9.126833081245422363e-01
9.124333262443542480e-01
9.123333096504211426e-01
9.129166603088378906e-01
9.128166437149047852e-01
9.129833579063415527e-01
9.128166437149047852e-01
9.126833081245422363e-01
9.125999808311462402e-01
9.129333496093750000e-01
9.128333330154418945e-01
9.129999876022338867e-01
9.130666851997375488e-01
9.128166437149047852e-01
9.130166769027709961e-01
9.130499958992004395e-01
9.129999876022338867e-01
9.132000207901000977e-01
9.131833314895629883e-01
9.128833413124084473e-01
9.128999710083007812e-01
9.132333397865295410e-01
9.131333231925964355e-01
9.132166504859924316e-01
9.131000041961669922e-01
9.131000041961669922e-01
9.129833579063415527e-01
9.130499958992004395e-01
9.132833480834960938e-01
9.133499860763549805e-01
9.135666489601135254e-01
9.135833382606506348e-01
9.131666421890258789e-01
9.130333065986633301e-01
9.136000275611877441e-01
9.134666919708251953e-01
9.136333465576171875e-01
9.135166406631469727e-01
9.135000109672546387e-01
9.134666919708251953e-01
9.132999777793884277e-01
9.135000109672546387e-01
9.136000275611877441e-01
9.138500094413757324e-01
9.132833480834960938e-01
9.134833216667175293e-01
9.135166406631469727e-01
9.134166836738586426e-01
9.137666821479797363e-01
9.134500026702880859e-01
9.136499762535095215e-01
9.134333133697509766e-01
9.138833284378051758e-01
9.135333299636840820e-01
9.137666821479797363e-01
9.135333299636840820e-01
9.136499762535095215e-01
9.139000177383422852e-01
9.139833450317382812e-01
9.140333533287048340e-01
9.135333299636840820e-01
9.140166640281677246e-01
9.136000275611877441e-01
9.139500260353088379e-01
9.137166738510131836e-01
9.139000177383422852e-01
9.142166376113891602e-01
9.140666723251342773e-01
9.136000275611877441e-01
9.134333133697509766e-01
9.142833352088928223e-01
9.141666889190673828e-01
9.139000177383422852e-01
9.140499830245971680e-01
9.138166904449462891e-01
9.139500260353088379e-01
9.140333533287048340e-01
9.139333367347717285e-01
9.140166640281677246e-01
9.140833616256713867e-01
9.140833616256713867e-01
9.139333367347717285e-01
9.139333367347717285e-01
9.143166542053222656e-01
9.139500260353088379e-01
9.136833548545837402e-01
9.136833548545837402e-01
9.145166873931884766e-01
9.138666391372680664e-01
9.139333367347717285e-01
9.139999747276306152e-01
9.143499732017517090e-01
9.142333269119262695e-01
9.140499830245971680e-01
9.140499830245971680e-01
9.140666723251342773e-01
9.142333269119262695e-01
9.138333201408386230e-01
9.143999814987182617e-01
9.139166474342346191e-01
9.140333533287048340e-01
9.141833186149597168e-01
9.141666889190673828e-01
9.139666557312011719e-01
9.140833616256713867e-01
9.143666625022888184e-01
9.143333435058593750e-01
9.141333103179931641e-01
9.139333367347717285e-01
9.137833118438720703e-01
9.143333435058593750e-01
9.139500260353088379e-01
9.140999913215637207e-01
9.139666557312011719e-01
9.136999845504760742e-01
9.139333367347717285e-01
9.143833518028259277e-01
9.139333367347717285e-01
9.141666889190673828e-01
9.138666391372680664e-01
9.140999913215637207e-01
9.139000177383422852e-01
9.137499928474426270e-01
9.141499996185302734e-01
9.143999814987182617e-01
9.142000079154968262e-01
9.142500162124633789e-01
9.139000177383422852e-01
9.137499928474426270e-01
9.139333367347717285e-01
9.140666723251342773e-01
9.142000079154968262e-01
9.139833450317382812e-01
9.142166376113891602e-01
9.138666391372680664e-01
9.140999913215637207e-01
9.141166806221008301e-01
9.142500162124633789e-01
9.143333435058593750e-01
9.141499996185302734e-01
9.140999913215637207e-01
9.139000177383422852e-01
9.139500260353088379e-01
9.142000079154968262e-01
9.140999913215637207e-01
9.139833450317382812e-01
9.140333533287048340e-01
9.143999814987182617e-01
9.143000245094299316e-01
9.142166376113891602e-01
9.141333103179931641e-01
9.141166806221008301e-01
9.142166376113891602e-01
9.140999913215637207e-01
9.140166640281677246e-01
9.141499996185302734e-01
9.137166738510131836e-01
9.144166707992553711e-01
9.139833450317382812e-01
9.140666723251342773e-01
9.142166376113891602e-01
9.138666391372680664e-01
9.139333367347717285e-01
9.139500260353088379e-01
9.141333103179931641e-01
9.140833616256713867e-01
9.142500162124633789e-01
9.140999913215637207e-01
9.138500094413757324e-01
9.139666557312011719e-01
9.138500094413757324e-01
9.142500162124633789e-01
9.139666557312011719e-01
9.139333367347717285e-01
9.142833352088928223e-01
9.140999913215637207e-01
9.140999913215637207e-01
9.141499996185302734e-01
9.139999747276306152e-01
9.140499830245971680e-01
9.139999747276306152e-01
9.143833518028259277e-01
9.141666889190673828e-01
9.139500260353088379e-01
9.141166806221008301e-01
9.142333269119262695e-01
9.141333103179931641e-01
9.140333533287048340e-01
9.141166806221008301e-01
9.142500162124633789e-01
9.140333533287048340e-01
9.142333269119262695e-01
9.140999913215637207e-01
9.140999913215637207e-01
9.136999845504760742e-01
9.139833450317382812e-01
9.141666889190673828e-01
9.141833186149597168e-01
9.140833616256713867e-01
9.141666889190673828e-01
9.140166640281677246e-01
9.140166640281677246e-01
9.139333367347717285e-01
9.142166376113891602e-01
9.140999913215637207e-01
9.140333533287048340e-01
9.142500162124633789e-01
9.142166376113891602e-01
9.139833450317382812e-01
9.140666723251342773e-01
9.140833616256713867e-01
9.142500162124633789e-01
9.141499996185302734e-01
9.141333103179931641e-01
9.143833518028259277e-01
9.143166542053222656e-01
9.141666889190673828e-01
9.142500162124633789e-01
9.139999747276306152e-01
9.143333435058593750e-01
9.141499996185302734e-01
9.143166542053222656e-01
9.141499996185302734e-01
9.145500063896179199e-01
9.141333103179931641e-01
9.144333600997924805e-01
9.140666723251342773e-01
9.139166474342346191e-01
9.144499897956848145e-01
9.142000079154968262e-01
9.140999913215637207e-01
9.143333435058593750e-01
9.139833450317382812e-01
9.141499996185302734e-01
9.139999747276306152e-01
9.142333269119262695e-01
9.141499996185302734e-01
9.142000079154968262e-01
9.142333269119262695e-01
9.143000245094299316e-01
9.142166376113891602e-01
9.144166707992553711e-01
9.142833352088928223e-01
9.141666889190673828e-01
9.140166640281677246e-01
9.141166806221008301e-01
9.143166542053222656e-01
9.141666889190673828e-01
9.142666459083557129e-01
9.140166640281677246e-01
9.147999882698059082e-01
9.137833118438720703e-01
9.144999980926513672e-01
9.141833186149597168e-01
9.143000245094299316e-01
9.141666889190673828e-01
9.142500162124633789e-01
9.140499830245971680e-01
9.143833518028259277e-01
9.142666459083557129e-01
9.142333269119262695e-01
9.137333035469055176e-01
9.143666625022888184e-01
9.141666889190673828e-01
9.139999747276306152e-01
9.142500162124633789e-01
9.143666625022888184e-01
9.140666723251342773e-01
9.140499830245971680e-01
9.138000011444091797e-01
9.139833450317382812e-01
9.145500063896179199e-01
9.143833518028259277e-01
9.141666889190673828e-01
9.142000079154968262e-01
9.140666723251342773e-01
9.140999913215637207e-01
9.142500162124633789e-01
9.141833186149597168e-01
9.140833616256713867e-01
9.142666459083557129e-01
9.139999747276306152e-01
9.143499732017517090e-01
9.142000079154968262e-01
9.141666889190673828e-01
9.142833352088928223e-01
9.140833616256713867e-01
9.140833616256713867e-01
9.140333533287048340e-01
9.143666625022888184e-01
9.139999747276306152e-01
9.137833118438720703e-01
9.142333269119262695e-01
9.143666625022888184e-01
9.140666723251342773e-01
9.145333170890808105e-01
9.138666391372680664e-01
9.143000245094299316e-01
9.140666723251342773e-01
9.140166640281677246e-01
9.141166806221008301e-01
9.141333103179931641e-01
9.140166640281677246e-01
9.139999747276306152e-01
9.141333103179931641e-01
9.142500162124633789e-01
9.142000079154968262e-01
9.139833450317382812e-01
9.140666723251342773e-01
9.141666889190673828e-01
9.140833616256713867e-01
9.142166376113891602e-01
9.141166806221008301e-01
9.140666723251342773e-01
9.137833118438720703e-01
9.142166376113891602e-01
9.141833186149597168e-01
9.143999814987182617e-01
9.143166542053222656e-01
9.142166376113891602e-01
9.144499897956848145e-01
9.140333533287048340e-01
9.143666625022888184e-01
9.141166806221008301e-01
9.144333600997924805e-01
9.144499897956848145e-01
9.144999980926513672e-01
9.141499996185302734e-01
9.140833616256713867e-01
9.140999913215637207e-01
9.140999913215637207e-01
9.141666889190673828e-01
9.142500162124633789e-01
9.140333533287048340e-01
9.143499732017517090e-01
9.141333103179931641e-01
9.143000245094299316e-01
9.144166707992553711e-01
9.143333435058593750e-01
9.141833186149597168e-01
9.141833186149597168e-01
9.145166873931884766e-01
9.143499732017517090e-01
9.141499996185302734e-01
9.143499732017517090e-01
9.143833518028259277e-01
9.141333103179931641e-01
9.141833186149597168e-01
9.140999913215637207e-01
9.142833352088928223e-01
9.141666889190673828e-01
9.143666625022888184e-01
9.143833518028259277e-01
9.142166376113891602e-01
9.143499732017517090e-01
9.142833352088928223e-01
9.138833284378051758e-01
9.141333103179931641e-01
9.140166640281677246e-01
9.142333269119262695e-01
9.142666459083557129e-01
9.144833087921142578e-01
9.143666625022888184e-01
9.139500260353088379e-01
9.142000079154968262e-01
9.142000079154968262e-01
9.143333435058593750e-01
9.146500229835510254e-01
9.143166542053222656e-01
9.142500162124633789e-01
9.141333103179931641e-01
9.142500162124633789e-01
9.142833352088928223e-01
9.143000245094299316e-01
9.140833616256713867e-01
9.142666459083557129e-01
9.142166376113891602e-01
9.142500162124633789e-01
9.140499830245971680e-01
9.141666889190673828e-01
9.142500162124633789e-01
9.141333103179931641e-01
9.140666723251342773e-01
9.143833518028259277e-01
9.142833352088928223e-01
9.139333367347717285e-01
9.142000079154968262e-01
9.142166376113891602e-01
9.145333170890808105e-01
9.143166542053222656e-01
9.141166806221008301e-01
9.140999913215637207e-01
9.143000245094299316e-01
9.143000245094299316e-01
9.144166707992553711e-01
9.138166904449462891e-01
9.142833352088928223e-01
9.139666557312011719e-01
9.138666391372680664e-01
9.139999747276306152e-01
9.140333533287048340e-01
9.141333103179931641e-01
9.142500162124633789e-01
9.141833186149597168e-01
9.140999913215637207e-01
9.141833186149597168e-01
9.143000245094299316e-01
9.139666557312011719e-01
9.140499830245971680e-01
9.142500162124633789e-01
9.145500063896179199e-01
9.141166806221008301e-01
9.140333533287048340e-01
9.145500063896179199e-01
9.145166873931884766e-01
9.142333269119262695e-01
9.142500162124633789e-01
9.140333533287048340e-01
9.142000079154968262e-01
9.143666625022888184e-01
9.139833450317382812e-01
9.142000079154968262e-01
9.142666459083557129e-01
9.140666723251342773e-01
9.144666790962219238e-01
9.142666459083557129e-01
9.143833518028259277e-01
9.139333367347717285e-01
9.142666459083557129e-01
9.139833450317382812e-01
9.141666889190673828e-01
9.144166707992553711e-01
9.142333269119262695e-01
9.140833616256713867e-01
9.139166474342346191e-01
9.145333170890808105e-01
9.140333533287048340e-01
9.138500094413757324e-01
9.141499996185302734e-01
9.142000079154968262e-01
9.140333533287048340e-01
9.141666889190673828e-01
9.140666723251342773e-01
9.142666459083557129e-01
9.143166542053222656e-01
9.146166443824768066e-01
9.143166542053222656e-01
9.143833518028259277e-01
9.143333435058593750e-01
9.141166806221008301e-01
9.140166640281677246e-01
9.140833616256713867e-01
9.144666790962219238e-01
9.142000079154968262e-01
9.140999913215637207e-01
9.142833352088928223e-01
9.141499996185302734e-01
9.140999913215637207e-01
9.146000146865844727e-01
9.141333103179931641e-01
9.142166376113891602e-01
9.140999913215637207e-01
9.144999980926513672e-01
9.143166542053222656e-01
9.142000079154968262e-01
9.144499897956848145e-01
9.143666625022888184e-01
9.140833616256713867e-01
9.140666723251342773e-01
9.141333103179931641e-01
9.139166474342346191e-01
9.139999747276306152e-01
9.141333103179931641e-01
9.142333269119262695e-01
9.142166376113891602e-01
9.142000079154968262e-01
9.139666557312011719e-01
9.142000079154968262e-01
9.140833616256713867e-01
9.141166806221008301e-01
9.144666790962219238e-01
9.141333103179931641e-01
9.140833616256713867e-01
9.141166806221008301e-01
9.145166873931884766e-01
9.142833352088928223e-01
9.142000079154968262e-01
9.139666557312011719e-01
9.143166542053222656e-01
9.140999913215637207e-01
9.143000245094299316e-01
9.143666625022888184e-01
9.143666625022888184e-01
9.140666723251342773e-01
9.144833087921142578e-01
9.138500094413757324e-01
9.142500162124633789e-01
9.143333435058593750e-01
9.139500260353088379e-01
9.138166904449462891e-01
9.142000079154968262e-01
9.143666625022888184e-01
9.139999747276306152e-01
9.143166542053222656e-01
9.144333600997924805e-01
9.144666790962219238e-01
9.142000079154968262e-01
9.140666723251342773e-01
9.140333533287048340e-01
9.144166707992553711e-01
9.140499830245971680e-01
9.143833518028259277e-01
9.142000079154968262e-01
9.140166640281677246e-01
9.142333269119262695e-01
9.140499830245971680e-01
9.140166640281677246e-01
9.143833518028259277e-01
9.139500260353088379e-01
9.143499732017517090e-01
9.141166806221008301e-01
9.139500260353088379e-01
9.142500162124633789e-01
9.142833352088928223e-01
9.144499897956848145e-01
9.143499732017517090e-01
9.143166542053222656e-01
9.142000079154968262e-01
9.142833352088928223e-01
9.141666889190673828e-01
9.143166542053222656e-01
9.143166542053222656e-01
9.141666889190673828e-01
9.143333435058593750e-01
9.143499732017517090e-01
9.140999913215637207e-01
9.141666889190673828e-01
9.142666459083557129e-01
9.145166873931884766e-01
9.140833616256713867e-01
9.142000079154968262e-01
9.143166542053222656e-01
9.145333170890808105e-01
9.143499732017517090e-01
9.140999913215637207e-01
9.141666889190673828e-01
9.143000245094299316e-01
9.143333435058593750e-01
9.143833518028259277e-01
9.142833352088928223e-01
9.140999913215637207e-01
9.142666459083557129e-01
9.142833352088928223e-01
9.142500162124633789e-01
9.142666459083557129e-01
9.143000245094299316e-01
9.140999913215637207e-01
9.143166542053222656e-01
9.144166707992553711e-01
9.141666889190673828e-01
9.143333435058593750e-01
9.145333170890808105e-01
9.143166542053222656e-01
9.141499996185302734e-01
9.139333367347717285e-01
9.141499996185302734e-01
9.142166376113891602e-01
9.141166806221008301e-01
9.144166707992553711e-01
9.143999814987182617e-01
9.140999913215637207e-01
9.143166542053222656e-01
9.139333367347717285e-01
9.140999913215637207e-01
9.142000079154968262e-01
9.146000146865844727e-01
9.140999913215637207e-01
9.141333103179931641e-01
9.143166542053222656e-01
9.143000245094299316e-01
9.142000079154968262e-01
9.140166640281677246e-01
9.142000079154968262e-01
9.142500162124633789e-01
9.143999814987182617e-01
9.140833616256713867e-01
9.143333435058593750e-01
9.143833518028259277e-01
9.140499830245971680e-01
9.144999980926513672e-01
9.141499996185302734e-01
9.141833186149597168e-01
9.142166376113891602e-01
9.143999814987182617e-01
9.142333269119262695e-01
9.141499996185302734e-01
9.144166707992553711e-01
9.143000245094299316e-01
9.140999913215637207e-01
9.142500162124633789e-01
9.139333367347717285e-01
9.138500094413757324e-01
9.143166542053222656e-01
9.140666723251342773e-01
9.143666625022888184e-01
9.142500162124633789e-01
9.143499732017517090e-01
9.140833616256713867e-01
9.141166806221008301e-01
9.142500162124633789e-01
9.141666889190673828e-01
9.139166474342346191e-01
9.143666625022888184e-01
9.144666790962219238e-01
9.142666459083557129e-01
9.144666790962219238e-01
9.143166542053222656e-01
9.140833616256713867e-01
9.144166707992553711e-01
9.143000245094299316e-01
9.137833118438720703e-01
9.144166707992553711e-01
9.140833616256713867e-01
9.142666459083557129e-01
9.143833518028259277e-01
9.141166806221008301e-01
9.145666956901550293e-01
9.144999980926513672e-01
9.141499996185302734e-01
9.138833284378051758e-01
9.139666557312011719e-01
9.143333435058593750e-01
9.146333336830139160e-01
9.144166707992553711e-01
9.144333600997924805e-01
9.141666889190673828e-01
9.140999913215637207e-01
9.143000245094299316e-01
9.137333035469055176e-01
9.141833186149597168e-01
9.143166542053222656e-01
9.139666557312011719e-01
9.142000079154968262e-01
9.138833284378051758e-01
9.142333269119262695e-01
9.143499732017517090e-01
9.142500162124633789e-01
9.141833186149597168e-01
9.143333435058593750e-01
9.141499996185302734e-01
9.143333435058593750e-01
9.142666459083557129e-01
9.141833186149597168e-01
9.143333435058593750e-01
9.140999913215637207e-01
9.142000079154968262e-01
9.142333269119262695e-01
9.141333103179931641e-01
9.145166873931884766e-01
9.142000079154968262e-01
9.141499996185302734e-01
9.143999814987182617e-01
9.142500162124633789e-01
9.142166376113891602e-01
9.141166806221008301e-01
9.141333103179931641e-01
9.142166376113891602e-01
9.142333269119262695e-01
9.143166542053222656e-01
9.142500162124633789e-01
9.139000177383422852e-01
9.147166609764099121e-01
9.141666889190673828e-01
9.142333269119262695e-01
9.141833186149597168e-01
9.141499996185302734e-01
9.144666790962219238e-01
9.143000245094299316e-01
9.141499996185302734e-01
9.138666391372680664e-01
9.141666889190673828e-01
9.142166376113891602e-01
9.141666889190673828e-01
9.144666790962219238e-01
9.140999913215637207e-01
9.141166806221008301e-01
9.143166542053222656e-01
9.144333600997924805e-01
9.144666790962219238e-01
9.143999814987182617e-01
9.142500162124633789e-01
9.145166873931884766e-01
9.139500260353088379e-01
9.143166542053222656e-01
9.139166474342346191e-01
9.140999913215637207e-01
9.145666956901550293e-01
9.141833186149597168e-01
9.139666557312011719e-01
9.142333269119262695e-01
9.140999913215637207e-01
